4 0.08203125 0.078125 0.1640625 0.15625
1 0.12890625 0.521875 0.1859375 0.1421875
1 0.14765625 0.51640625 0.16015625 0.140625
1 0.1984375 0.496875 0.0546875 0.08203125
1 0.39453125 0.5140625 0.05625 0.0625
1 0.44453125 0.4984375 0.0234375 0.0390625
1 0.4875 0.49609375 0.0390625 0.0453125
4 0.5625 0.37109375 0.025 0.071875
1 0.6 0.484375 0.05078125 0.0546875
1 0.60625 0.484375 0.0390625 0.0640625
1 0.6359375 0.4921875 0.0484375 0.0546875
1 0.63984375 0.4875 0.0375 0.0484375
4 0.65234375 0.35546875 0.015625 0.040625
1 0.6640625 0.48515625 0.03515625 0.03515625
1 0.6703125 0.490625 0.0171875 0.05625
1 0.725 0.51640625 0.06875 0.11328125
1 0.728125 0.5046875 0.0765625 0.0859375
5 0.72578125 0.4140625 0.0171875 0.0484375
1 0.81640625 0.5046875 0.13671875 0.1703125
9 0.80078125 0.07734375 0.05078125 0.1171875
4 0.80078125 0.07421875 0.025 0.0921875
3 0.97734375 0.484375 0.0296875 0.0953125
3 0.98125 0.49375 0.025 0.13125