1 0.52421875 0.5421875 0.1265625 0.1109375
3 0.8734375 0.465625 0.025 0.0875
1 0.028125 0.5546875 0.05625 0.1078125
1 0.009375 0.57890625 0.01875 0.0890625
1 0.09453125 0.5453125 0.05078125 0.0546875
1 0.1328125 0.5359375 0.025 0.03125
1 0.24609375 0.525 0.03125 0.040625
1 0.33125 0.546875 0.10546875 0.140625
1 0.415625 0.525 0.0703125 0.0875
1 0.45234375 0.53203125 0.0625 0.0859375
3 0.59296875 0.5015625 0.021875 0.0796875
3 0.7484375 0.4828125 0.0296875 0.08203125
1 0.8984375 0.553125 0.19140625 0.271875
3 0.8171875 0.48359375 0.025 0.078125