1 0.47578125 0.49921875 0.03515625 0.0484375
1 0.0734375 0.51640625 0.12109375 0.11328125
4 0.06171875 0.0703125 0.09375 0.13671875
1 0.3375 0.4953125 0.225 0.0796875
2 0.34375 0.48515625 0.21875 0.0859375
4 0.57109375 0.0265625 0.0296875 0.053125
7 0.565625 0.3640625 0.015625 0.0484375
1 0.6234375 0.48359375 0.053125 0.0703125
7 0.653125 0.3578125 0.0171875 0.053125
7 0.728125 0.4171875 0.015625 0.05078125
7 0.80078125 0.0765625 0.0296875 0.1
1 0.8609375 0.48359375 0.1265625 0.08984375
1 0.92109375 0.4859375 0.103125 0.05625
1 0.9421875 0.4796875 0.053125 0.0546875
3 0.97734375 0.4984375 0.0234375 0.11328125