1 0.0171875 0.56875 0.0328125 0.1078125
1 0.03828125 0.55 0.0546875 0.109375
1 0.10078125 0.5453125 0.053125 0.053125
1 0.2484375 0.5234375 0.03125 0.0390625
1 0.3453125 0.5421875 0.11875 0.1734375
1 0.4125 0.5265625 0.04296875 0.07421875
1 0.45234375 0.5375 0.0640625 0.0921875
1 0.52421875 0.5375 0.1328125 0.103125
3 0.6046875 0.48515625 0.0171875 0.05625
3 0.79609375 0.4796875 0.021875 0.0859375
3 0.81328125 0.46796875 0.01953125 0.040625
3 0.86875 0.46171875 0.021875 0.0765625
1 0.93828125 0.5796875 0.11875 0.1890625
3 0.86796875 0.5109375 0.0703125 0.0640625