1 0.13359375 0.496875 0.07421875 0.05859375
5 0.246875 0.459375 0.01953125 0.0390625
2 0.3765625 0.48515625 0.06640625 0.0921875
2 0.37421875 0.49140625 0.0609375 0.07421875
1 0.44453125 0.50703125 0.0484375 0.05625
5 0.4359375 0.38203125 0.0171875 0.0375
1 0.4921875 0.49609375 0.0328125 0.0390625
5 0.51953125 0.38984375 0.015625 0.0390625
5 0.52421875 0.3890625 0.0234375 0.0375
1 0.56640625 0.4953125 0.05859375 0.0546875
5 0.5796875 0.4390625 0.0171875 0.03515625
5 0.58203125 0.44609375 0.015625 0.0296875
5 0.64140625 0.42265625 0.0171875 0.02734375
5 0.64140625 0.4171875 0.01171875 0.0375
1 0.7546875 0.55546875 0.225 0.265625