1 0.08671875 0.5296875 0.1734375 0.1578125
4 0.07109375 0.08515625 0.109375 0.15625
1 0.1765625 0.4984375 0.1 0.0609375
1 0.29375 0.5234375 0.10546875 0.1
1 0.38359375 0.4953125 0.05625 0.05625
1 0.4671875 0.4921875 0.03515625 0.0390625
4 0.56640625 0.36015625 0.015625 0.053125
1 0.67578125 0.49921875 0.071875 0.0921875
4 0.65234375 0.35546875 0.015625 0.04296875
1 0.71796875 0.49921875 0.0375 0.0921875
1 0.7640625 0.5109375 0.0953125 0.10546875
5 0.72578125 0.4140625 0.0171875 0.0484375
4 0.80078125 0.07421875 0.02734375 0.0921875
1 0.9015625 0.509375 0.17578125 0.1734375