1 0.06640625 0.49296875 0.10546875 0.1078125
1 0.071875 0.4953125 0.1078125 0.0859375
8 0.1765625 0.41484375 0.0234375 0.05625
1 0.3875 0.4875 0.0796875 0.12109375
4 0.41328125 0.3703125 0.015625 0.0375
1 0.44921875 0.48515625 0.0390625 0.0625
1 0.4484375 0.48515625 0.02734375 0.0390625
1 0.503125 0.50859375 0.0796875 0.1015625
7 0.4890625 0.334375 0.0140625 0.05078125
1 0.59375 0.50625 0.0484375 0.0875
1 0.60546875 0.50703125 0.0640625 0.084375
7 0.59765625 0.4140625 0.0140625 0.040625
1 0.67578125 0.515625 0.1234375 0.125
7 0.6953125 0.37890625 0.021875 0.040625
7 0.696875 0.38984375 0.0234375 0.05859375
1 0.7421875 0.5078125 0.040625 0.0484375
1 0.74140625 0.46484375 0.0375 0.0328125
3 0.79609375 0.4953125 0.03125 0.08984375
3 0.79765625 0.49921875 0.0296875 0.08203125
1 0.8921875 0.565625 0.209375 0.4515625