8 0.10625 0.3625 0.0234375 0.0640625
8 0.1078125 0.3625 0.01953125 0.0546875
0 0.23046875 0.4625 0.025 0.0796875
1 0.35234375 0.503125 0.2109375 0.1390625
1 0.28515625 0.459375 0.05078125 0.0625
7 0.44453125 0.25390625 0.0140625 0.0546875
8 0.446875 0.25703125 0.01171875 0.04296875
7 0.52734375 0.2671875 0.01953125 0.0546875
7 0.5265625 0.265625 0.0140625 0.0484375
7 0.609375 0.275 0.021875 0.0546875
7 0.60859375 0.2671875 0.0171875 0.0390625
7 0.759375 0.36875 0.0140625 0.0453125
7 0.76171875 0.36796875 0.015625 0.05078125
1 0.91875 0.45390625 0.06640625 0.0453125
1 0.94375 0.48046875 0.1015625 0.0953125
1 0.94921875 0.4828125 0.09765625 0.078125
1 0.93359375 0.4421875 0.05625 0.0546875