3 0.4734375 0.49296875 0.01171875 0.05625
1 0.4875 0.5015625 0.015625 0.05625
1 0.5125 0.496875 0.0375 0.0859375
1 0.53125 0.5015625 0.040625 0.07421875
3 0.8234375 0.5 0.03125 0.13125
3 0.7984375 0.496875 0.02734375 0.12890625
1 0.1125 0.53125 0.1265625 0.09765625
1 0.23125 0.53125 0.115625 0.11875
1 0.33984375 0.5078125 0.05078125 0.0546875
3 0.3921875 0.62578125 0.06875 0.459375
3 0.4515625 0.61640625 0.11875 0.54296875
3 0.703125 0.46015625 0.02734375 0.0546875
3 0.7140625 0.51953125 0.0453125 0.1
3 0.73515625 0.50859375 0.046875 0.16015625
3 0.76875 0.49921875 0.03125 0.1484375
3 0.896875 0.4703125 0.040625 0.103125
3 0.9046875 0.52421875 0.025 0.125
3 0.9359375 0.509375 0.05078125 0.16015625