1 0.1953125 0.5078125 0.05859375 0.03515625
1 0.25078125 0.51640625 0.078125 0.078125
1 0.3046875 0.5109375 0.03125 0.04296875
1 0.34453125 0.51640625 0.0484375 0.046875
1 0.34453125 0.5125 0.046875 0.0546875
7 0.371875 0.46875 0.025 0.05859375
7 0.3765625 0.4640625 0.0171875 0.053125
1 0.45234375 0.5140625 0.0390625 0.040625
1 0.46015625 0.5171875 0.046875 0.0484375
7 0.50703125 0.309375 0.0171875 0.03515625
8 0.50625 0.315625 0.015625 0.0390625
1 0.5484375 0.53125 0.08203125 0.103125
7 0.53515625 0.425 0.01953125 0.05078125
7 0.5375 0.43046875 0.015625 0.0390625
7 0.5859375 0.4296875 0.015625 0.040625
7 0.590625 0.4203125 0.015625 0.040625
7 0.59453125 0.3390625 0.01953125 0.0484375
7 0.5953125 0.3453125 0.0171875 0.04296875
1 0.61796875 0.52265625 0.046875 0.0953125
1 0.6109375 0.525 0.02734375 0.08203125
1 0.6421875 0.5390625 0.040625 0.0859375
1 0.64921875 0.540625 0.04296875 0.0953125
7 0.6390625 0.4609375 0.01171875 0.0296875
1 0.7015625 0.54296875 0.0953125 0.1109375
1 0.690625 0.55390625 0.05859375 0.1171875
7 0.70390625 0.4390625 0.01953125 0.053125
7 0.70390625 0.43046875 0.015625 0.04296875
1 0.825 0.58671875 0.2109375 0.1734375
7 0.7546875 0.39453125 0.0171875 0.03515625
7 0.75859375 0.4109375 0.0234375 0.05859375
3 0.9921875 0.5109375 0.0140625 0.078125