1 0.13359375 0.4984375 0.0640625 0.04296875
1 0.13203125 0.49609375 0.05625 0.0390625
0 0.1875 0.490625 0.0296875 0.0390625
8 0.25390625 0.4328125 0.0140625 0.03125
1 0.35546875 0.48828125 0.0546875 0.05625
8 0.3703125 0.38671875 0.009375 0.0296875
1 0.38984375 0.484375 0.0390625 0.040625
1 0.3875 0.4765625 0.0296875 0.0390625
7 0.42265625 0.378125 0.0140625 0.0375
7 0.42109375 0.378125 0.009375 0.0296875
7 0.51875 0.39375 0.015625 0.04296875
1 0.6046875 0.4671875 0.0765625 0.053125
3 0.5875 0.47578125 0.025 0.07421875