1 0.09375 0.60078125 0.1875 0.38125
1 0.253125 0.5515625 0.071875 0.07421875
4 0.2984375 0.30390625 0.03125 0.07421875
1 0.3171875 0.546875 0.0171875 0.0234375
1 0.33515625 0.5453125 0.01953125 0.0234375
1 0.3765625 0.54296875 0.0328125 0.0875
1 0.378125 0.5453125 0.03515625 0.078125
1 0.43046875 0.55 0.109375 0.14453125
4 0.4140625 0.3015625 0.0296875 0.07421875
4 0.509375 0.303125 0.0328125 0.06875
1 0.54609375 0.525 0.05625 0.09765625
1 0.54765625 0.51484375 0.0375 0.0546875
1 0.64375 0.5515625 0.0875 0.103125
1 0.81953125 0.6390625 0.35546875 0.34765625
5 0.7328125 0.41328125 0.0296875 0.0703125
4 0.73515625 0.41484375 0.021875 0.05625
1 0.9640625 0.528125 0.06640625 0.0703125