3 0.4734375 0.49296875 0.01171875 0.05625
1 0.4875 0.5015625 0.015625 0.05625
1 0.5125 0.496875 0.0375 0.0859375
1 0.53125 0.5015625 0.040625 0.07421875
1 0.11875 0.534375 0.146875 0.1
3 0.19609375 0.61875 0.06875 0.459375
3 0.2359375 0.625 0.11875 0.54296875
1 0.28515625 0.51640625 0.071875 0.08984375
1 0.4109375 0.50625 0.0546875 0.078125
3 0.70625 0.4640625 0.0296875 0.0625
3 0.7140625 0.51953125 0.0453125 0.1
3 0.73515625 0.50859375 0.046875 0.16015625
3 0.76875 0.496875 0.02734375 0.146875
3 0.81328125 0.5078125 0.040625 0.134375
3 0.84375 0.48359375 0.03515625 0.09375
3 0.8953125 0.471875 0.0390625 0.09765625
3 0.93671875 0.525 0.0328125 0.11328125
3 0.965625 0.503125 0.0484375 0.15234375