4 0.06328125 0.06875 0.0875 0.134375
1 0.16796875 0.503125 0.09765625 0.0640625
1 0.2015625 0.51484375 0.0796875 0.0921875
1 0.1984375 0.51640625 0.06875 0.084375
1 0.24921875 0.5171875 0.11875 0.1015625
1 0.49609375 0.503125 0.1078125 0.0765625
1 0.55 0.48828125 0.0796875 0.0703125
4 0.571875 0.02734375 0.0296875 0.053125
7 0.565625 0.36328125 0.015625 0.046875
7 0.653125 0.35859375 0.0171875 0.05078125
7 0.65234375 0.3578125 0.009375 0.0390625
7 0.728125 0.41875 0.0140625 0.0484375
7 0.80078125 0.075 0.0296875 0.09375
1 0.81953125 0.48828125 0.0625 0.040625
1 0.82109375 0.490625 0.053125 0.04296875
1 0.8625 0.4890625 0.071875 0.0546875