1 0.0109375 0.503125 0.021875 0.0625
1 0.08671875 0.48828125 0.0921875 0.084375
1 0.16796875 0.48515625 0.0609375 0.05859375
1 0.28046875 0.47265625 0.025 0.03125
8 0.38203125 0.28125 0.025 0.08203125
8 0.38671875 0.275 0.0171875 0.0625
1 0.5125 0.5875 0.2671875 0.32421875
7 0.509375 0.265625 0.021875 0.0625
7 0.64140625 0.29765625 0.02734375 0.07421875
1 0.73359375 0.46796875 0.0546875 0.0390625
7 0.7484375 0.378125 0.025 0.0703125
1 0.86796875 0.5578125 0.2578125 0.3890625
7 0.7515625 0.378125 0.0171875 0.05078125