1 0.47578125 0.49921875 0.03515625 0.0484375
4 0.06171875 0.07109375 0.09375 0.140625
1 0.084375 0.521875 0.0765625 0.1
1 0.096875 0.51953125 0.053125 0.09765625
1 0.15 0.5015625 0.0640625 0.09375
1 0.3640625 0.50859375 0.1390625 0.0703125
1 0.45 0.496875 0.021875 0.046875
4 0.57109375 0.0265625 0.02734375 0.05078125
7 0.565625 0.3640625 0.015625 0.0484375
1 0.60625 0.490625 0.0453125 0.0609375
7 0.653125 0.3578125 0.0171875 0.0546875
7 0.728125 0.415625 0.0171875 0.05078125
1 0.8640625 0.4921875 0.22265625 0.0921875
2 0.8796875 0.48515625 0.209375 0.0921875
7 0.80078125 0.07734375 0.0296875 0.103125
1 0.92109375 0.4859375 0.103125 0.05625