1 0.021875 0.57890625 0.04296875 0.134375
1 0.02421875 0.57109375 0.03515625 0.18359375
1 0.090625 0.58125 0.12890625 0.17578125
2 0.084375 0.48515625 0.1109375 0.0796875
1 0.28515625 0.58984375 0.328125 0.4203125
4 0.3171875 0.328125 0.0171875 0.0546875
7 0.4140625 0.3265625 0.01953125 0.0484375
1 0.46484375 0.5171875 0.0484375 0.0546875
1 0.496875 0.5328125 0.0953125 0.0796875
7 0.49140625 0.32734375 0.01953125 0.05625
3 0.6109375 0.51875 0.015625 0.040625
1 0.69140625 0.56328125 0.146875 0.1703125
7 0.67890625 0.4171875 0.0171875 0.046875
2 0.79765625 0.48046875 0.084375 0.115625
1 0.8765625 0.48125 0.234375 0.1640625
1 0.8921875 0.71484375 0.2046875 0.5609375
7 0.9296875 0.25625 0.05078125 0.15625