1 0.0328125 0.5625 0.065625 0.084375
1 0.065625 0.55078125 0.0375 0.07421875
1 0.0890625 0.54296875 0.0453125 0.07421875
1 0.2234375 0.53515625 0.0375 0.046875
1 0.3203125 0.5390625 0.1171875 0.1640625
1 0.39375 0.521875 0.0296875 0.0765625
1 0.409375 0.5140625 0.03515625 0.07421875
1 0.4203125 0.521875 0.0328125 0.05625
1 0.4234375 0.5296875 0.0328125 0.071875
1 0.471875 0.5234375 0.0875 0.11875
1 0.4703125 0.51953125 0.0875 0.08984375
1 0.51875 0.5375 0.0703125 0.1234375
1 0.60859375 0.5484375 0.16796875 0.1859375
1 0.725 0.57890625 0.1625 0.21484375
1 0.84453125 0.65625 0.30078125 0.415625