1 0.046875 0.53203125 0.08984375 0.1796875
1 0.05078125 0.55078125 0.084375 0.22265625
1 0.09453125 0.5796875 0.1265625 0.1734375
1 0.28515625 0.5890625 0.32421875 0.415625
4 0.31640625 0.32734375 0.01953125 0.05859375
7 0.41328125 0.32734375 0.021875 0.05078125
1 0.46015625 0.53203125 0.0484375 0.06875
1 0.45234375 0.5484375 0.03125 0.0625
1 0.4859375 0.5171875 0.0390625 0.0453125
7 0.49140625 0.32734375 0.021875 0.05859375
1 0.51875 0.52421875 0.0296875 0.0546875
1 0.72265625 0.478125 0.2328125 0.103125
1 0.8 0.63359375 0.3765625 0.3671875
1 0.63671875 0.54296875 0.046875 0.1171875
2 0.6671875 0.4875 0.078125 0.11875
7 0.67890625 0.41796875 0.0171875 0.05078125
7 0.9296875 0.25703125 0.05625 0.16015625
3 0.94921875 0.5140625 0.02734375 0.05625
1 0.9734375 0.515625 0.05078125 0.0625