3 0.04765625 0.39921875 0.0953125 0.37890625
4 0.06328125 0.06875 0.084375 0.13125
1 0.225 0.52734375 0.1265625 0.1015625
1 0.21015625 0.515625 0.06640625 0.08203125
1 0.315625 0.52265625 0.0921875 0.10546875
1 0.4734375 0.49375 0.040625 0.05078125
1 0.475 0.4953125 0.02734375 0.0375
1 0.5265625 0.49140625 0.0765625 0.05859375
4 0.571875 0.028125 0.02734375 0.053125
7 0.565625 0.36328125 0.0140625 0.04296875
1 0.67890625 0.49375 0.115625 0.0640625
7 0.653125 0.35859375 0.0171875 0.05078125
7 0.65234375 0.3578125 0.009375 0.0390625
7 0.728125 0.41875 0.0140625 0.0484375
7 0.80078125 0.0765625 0.0296875 0.0921875
1 0.8765625 0.50078125 0.11875 0.0640625
1 0.92109375 0.4859375 0.103125 0.05625