1 0.134375 0.48359375 0.2671875 0.6265625
2 0.1296875 0.484375 0.25625 0.61875
1 0.5 0.6203125 0.32421875 0.4296875
1 0.3609375 0.49609375 0.046875 0.06640625
8 0.3515625 0.30078125 0.01953125 0.071875
8 0.353125 0.284375 0.015625 0.0390625
7 0.4734375 0.24140625 0.01953125 0.06875
7 0.6453125 0.365625 0.01953125 0.04296875
0 0.64921875 0.4859375 0.02734375 0.09765625
1 0.740625 0.48359375 0.1390625 0.1078125
1 0.74296875 0.48515625 0.1421875 0.11875
1 0.8625 0.58984375 0.271875 0.34765625
7 0.98515625 0.228125 0.02734375 0.084375
7 0.98828125 0.20390625 0.021875 0.04296875