1 0.8859375 0.46953125 0.0484375 0.0484375
1 0.27734375 0.50859375 0.05078125 0.0546875
1 0.28203125 0.50625 0.05078125 0.0546875
1 0.3546875 0.51171875 0.10546875 0.140625
1 0.4234375 0.50859375 0.0453125 0.0703125
1 0.42578125 0.503125 0.04296875 0.06875
5 0.45 0.39765625 0.0140625 0.03515625
6 0.45 0.39921875 0.0140625 0.0296875
5 0.503125 0.38359375 0.0171875 0.05078125
5 0.503125 0.38671875 0.015625 0.03125
4 0.58125 0.434375 0.0171875 0.0375
5 0.58515625 0.4421875 0.01953125 0.0390625
4 0.68828125 0.3921875 0.01953125 0.053125
5 0.690625 0.3875 0.0171875 0.05859375