1 0.04765625 0.5140625 0.040625 0.0546875
1 0.05859375 0.50859375 0.046875 0.0546875
1 0.10859375 0.5140625 0.0859375 0.084375
1 0.1875 0.50390625 0.053125 0.0546875
1 0.196875 0.50390625 0.053125 0.0390625
1 0.29609375 0.49609375 0.03125 0.03515625
1 0.33125 0.4953125 0.0328125 0.04296875
8 0.3703125 0.23828125 0.0375 0.1109375
1 0.49375 0.53828125 0.1484375 0.19140625
5 0.52421875 0.240625 0.0328125 0.09375
1 0.6015625 0.475 0.03125 0.04296875
1 0.6 0.4734375 0.025 0.046875
1 0.77421875 0.5234375 0.2203125 0.23046875
5 0.6859375 0.2921875 0.0328125 0.09765625
5 0.8359375 0.378125 0.03125 0.0953125