1 0.040625 0.5171875 0.0546875 0.05078125
1 0.04609375 0.5203125 0.0546875 0.0546875
1 0.0859375 0.525 0.040625 0.053125
1 0.1484375 0.51484375 0.078125 0.07421875
1 0.2640625 0.50859375 0.03515625 0.03515625
1 0.26640625 0.515625 0.0328125 0.040625
8 0.378125 0.2875 0.0234375 0.08203125
1 0.4953125 0.5875 0.18125 0.2328125
5 0.515625 0.28046875 0.02734375 0.0703125
2 0.59765625 0.48828125 0.08203125 0.05625
2 0.5984375 0.478125 0.08203125 0.0375
1 0.59296875 0.4921875 0.025 0.0546875
1 0.596875 0.4875 0.0296875 0.040625
5 0.6609375 0.309375 0.025 0.07421875
1 0.8125 0.5546875 0.2890625 0.2796875
5 0.78203125 0.3984375 0.0234375 0.0703125