1 0.0359375 0.5390625 0.071875 0.071875
2 0.0453125 0.5375 0.0875 0.0859375
2 0.1078125 0.53125 0.06640625 0.0859375
1 0.1984375 0.54296875 0.05625 0.05625
1 0.2609375 0.55625 0.06875 0.13125
1 0.35859375 0.5625 0.17578125 0.2421875
4 0.31640625 0.3421875 0.021875 0.05078125
4 0.4140625 0.32734375 0.02734375 0.05859375
4 0.415625 0.3390625 0.0171875 0.0546875
1 0.44921875 0.5375 0.053125 0.1796875
1 0.4484375 0.53984375 0.0390625 0.12109375
1 0.48125 0.51171875 0.009375 0.03125
4 0.49296875 0.33203125 0.02734375 0.07421875
4 0.49296875 0.33203125 0.0171875 0.046875
1 0.5328125 0.5140625 0.0765625 0.09765625
1 0.62890625 0.55390625 0.0703125 0.1234375
1 0.6265625 0.5453125 0.046875 0.1171875
1 0.7875 0.61796875 0.3515625 0.34765625
4 0.6796875 0.434375 0.01953125 0.05625
1 0.93828125 0.51953125 0.08984375 0.0765625
1 0.9421875 0.51953125 0.0796875 0.0609375
4 0.9390625 0.259375 0.046875 0.140625