4 0.07109375 0.08515625 0.109375 0.15625
1 0.18828125 0.5234375 0.15234375 0.1171875
1 0.18671875 0.52265625 0.1484375 0.1078125
1 0.3140625 0.4921875 0.05625 0.08203125
1 0.3546875 0.50859375 0.0921875 0.1
1 0.440625 0.496875 0.0546875 0.053125
1 0.47578125 0.4953125 0.025 0.05078125
4 0.5703125 0.028125 0.025 0.05625
4 0.56640625 0.36015625 0.0140625 0.05078125
4 0.65234375 0.35546875 0.015625 0.0390625
5 0.72578125 0.4109375 0.015625 0.0453125
4 0.80078125 0.0734375 0.025 0.08984375
3 0.79765625 0.4828125 0.0140625 0.05078125
0 0.8484375 0.49140625 0.0234375 0.09765625
3 0.9046875 0.48125 0.021875 0.053125
3 0.9078125 0.48515625 0.01953125 0.08984375
3 0.9125 0.4984375 0.01171875 0.084375
3 0.91875 0.49140625 0.0234375 0.0703125