1 0.0375 0.53828125 0.07421875 0.12109375
1 0.0875 0.578125 0.134375 0.1796875
2 0.0765625 0.5015625 0.109375 0.0875
1 0.28515625 0.5921875 0.328125 0.4234375
4 0.31875 0.32890625 0.0171875 0.053125
7 0.4140625 0.3265625 0.0171875 0.0453125
1 0.4953125 0.53203125 0.084375 0.0625
7 0.49140625 0.3265625 0.0171875 0.053125
1 0.69375 0.5640625 0.16015625 0.17578125
3 0.63203125 0.51953125 0.01953125 0.05625
3 0.63359375 0.5140625 0.015625 0.040625
7 0.6796875 0.415625 0.015625 0.0453125
2 0.8796875 0.48046875 0.2359375 0.140625
7 0.93046875 0.25078125 0.0484375 0.15234375
3 0.95625 0.5421875 0.0296875 0.12109375