1 0.1375 0.53046875 0.16015625 0.08984375
1 0.215625 0.50625 0.01953125 0.0765625
1 0.2390625 0.50859375 0.040625 0.078125
1 0.2734375 0.4984375 0.021875 0.05625
1 0.3 0.49609375 0.021875 0.0546875
1 0.321875 0.5015625 0.015625 0.0375
1 0.3390625 0.496875 0.015625 0.040625
1 0.396875 0.53046875 0.103125 0.140625
1 0.3578125 0.4984375 0.021875 0.05078125
1 0.4421875 0.4890625 0.02734375 0.0484375
3 0.4703125 0.4953125 0.01171875 0.0546875
1 0.4828125 0.5015625 0.0140625 0.05625
1 0.5015625 0.49375 0.025 0.08203125
1 0.5234375 0.509375 0.0484375 0.1
1 0.525 0.5015625 0.040625 0.07421875
3 0.67578125 0.5234375 0.0234375 0.08984375
3 0.6921875 0.509375 0.015625 0.134375
3 0.7078125 0.50390625 0.0140625 0.115625
3 0.740625 0.5046875 0.025 0.1234375
3 0.80390625 0.496875 0.015625 0.125
3 0.86640625 0.51875 0.025 0.1109375
3 0.9015625 0.50859375 0.0390625 0.1390625