2 0.053125 0.5234375 0.10546875 0.1109375
1 0.08671875 0.58515625 0.1265625 0.18359375
1 0.2953125 0.6 0.3125 0.4296875
4 0.31640625 0.3359375 0.021875 0.0546875
4 0.41328125 0.32734375 0.025 0.05625
4 0.415625 0.3375 0.0171875 0.0546875
1 0.47265625 0.53203125 0.0796875 0.06640625
1 0.4875 0.51171875 0.01953125 0.03125
4 0.4921875 0.3296875 0.02734375 0.0703125
4 0.49296875 0.3296875 0.0171875 0.046875
2 0.521875 0.50625 0.0296875 0.04296875
1 0.62890625 0.54296875 0.046875 0.1171875
1 0.79765625 0.62421875 0.375 0.35546875
4 0.6796875 0.42890625 0.01953125 0.0546875
1 0.9421875 0.51953125 0.0796875 0.0609375
4 0.9359375 0.25859375 0.053125 0.15
1 0.95 0.51953125 0.0640625 0.078125
3 0.95625 0.5203125 0.0390625 0.0765625