1 0.03125 0.55859375 0.0625 0.1625
1 0.11328125 0.5421875 0.13671875 0.13125
2 0.16484375 0.490625 0.0625 0.05078125
1 0.18359375 0.5390625 0.05625 0.0765625
1 0.28203125 0.53984375 0.0859375 0.08984375
4 0.3421875 0.36640625 0.0140625 0.0375
1 0.390625 0.53515625 0.103125 0.13671875
7 0.415625 0.36640625 0.0140625 0.0390625
7 0.475 0.36328125 0.0140625 0.040625
1 0.575 0.53515625 0.08203125 0.09765625
7 0.61875 0.43125 0.0171875 0.046875
7 0.6203125 0.434375 0.01171875 0.03515625
1 0.740625 0.51953125 0.165625 0.17578125
7 0.69453125 0.3625 0.02734375 0.06875
1 0.89453125 0.56171875 0.20703125 0.2171875