3 0.90234375 0.4703125 0.0171875 0.0640625
3 0.77265625 0.475 0.009375 0.040625
1 0.109375 0.49375 0.0546875 0.053125
1 0.1265625 0.48515625 0.06640625 0.0546875
7 0.234375 0.35546875 0.0546875 0.1578125
7 0.2375 0.334375 0.053125 0.1390625
1 0.27265625 0.4828125 0.11875 0.10546875
1 0.46484375 0.49296875 0.0765625 0.046875
1 0.46796875 0.4953125 0.06640625 0.05625
1 0.5265625 0.475 0.05625 0.053125
1 0.590625 0.478125 0.078125 0.05625
1 0.5921875 0.48046875 0.0765625 0.0625
8 0.56953125 0.0953125 0.0234375 0.0546875
8 0.5734375 0.10234375 0.01953125 0.0625
7 0.57734375 0.365625 0.015625 0.046875
7 0.58125 0.3640625 0.015625 0.0390625
7 0.65703125 0.35859375 0.015625 0.040625
7 0.65703125 0.36015625 0.015625 0.040625
7 0.72265625 0.40546875 0.0140625 0.02734375
7 0.7234375 0.41328125 0.0171875 0.040625
7 0.74609375 0.1625 0.021875 0.0703125
7 0.74921875 0.15 0.021875 0.0625
1 0.9 0.62890625 0.1953125 0.4359375
1 0.9015625 0.61015625 0.19375 0.4625
7 0.9578125 0.3390625 0.0234375 0.08203125
3 0.9921875 0.5109375 0.0140625 0.078125