1 0.90625 0.59375 0.18359375 0.2578125
2 0.11328125 0.4640625 0.1109375 0.05859375
2 0.12890625 0.4671875 0.125 0.078125
1 0.18671875 0.49140625 0.0921875 0.0921875
1 0.24375 0.4953125 0.03515625 0.0609375
1 0.24375 0.49921875 0.02734375 0.0453125
1 0.26640625 0.49375 0.02734375 0.053125
1 0.2671875 0.49609375 0.0140625 0.053125
1 0.28515625 0.4890625 0.0171875 0.0453125
1 0.30078125 0.48828125 0.01953125 0.040625
8 0.4640625 0.44375 0.01953125 0.040625
4 0.5171875 0.409375 0.0171875 0.0390625
7 0.54296875 0.44140625 0.015625 0.0375
9 0.54375 0.43828125 0.015625 0.01953125
9 0.5796875 0.428125 0.0171875 0.0296875
7 0.5796875 0.42890625 0.015625 0.04296875
1 0.684375 0.5125 0.103125 0.115625