1 0.1609375 0.5765625 0.1640625 0.0875
1 0.30625 0.5625 0.14453125 0.16796875
1 0.37578125 0.54765625 0.0453125 0.078125
1 0.5203125 0.565625 0.16796875 0.15234375
3 0.62890625 0.565625 0.0328125 0.1546875
1 0.6765625 0.56171875 0.12109375 0.11875
1 0.653125 0.56953125 0.0765625 0.13125
3 0.62890625 0.5671875 0.0234375 0.1421875
1 0.70390625 0.58125 0.071875 0.14453125
1 0.71796875 0.58671875 0.0921875 0.1640625
1 0.73046875 0.621875 0.05078125 0.1703125
1 0.85859375 0.60546875 0.25 0.39453125
1 0.86640625 0.5984375 0.2359375 0.3828125