4 0.06171875 0.0703125 0.0953125 0.140625
1 0.07734375 0.5234375 0.078125 0.1
1 0.09296875 0.51953125 0.053125 0.1
1 0.2578125 0.48515625 0.125 0.0921875
1 0.45 0.496875 0.021875 0.046875
1 0.5125 0.50859375 0.140625 0.0703125
4 0.57109375 0.0265625 0.0296875 0.053125
7 0.565625 0.3640625 0.015625 0.0484375
7 0.653125 0.3578125 0.0171875 0.0546875
7 0.728125 0.415625 0.0171875 0.053125
7 0.80078125 0.07734375 0.0296875 0.103125
1 0.840625 0.48828125 0.05859375 0.0609375
1 0.8625 0.4890625 0.071875 0.0546875
1 0.89375 0.48515625 0.040625 0.053125