4 0.31640625 0.4515625 0.0140625 0.03125
1 0.3875 0.49296875 0.025 0.0328125
2 0.415625 0.478125 0.0453125 0.07421875
2 0.415625 0.4734375 0.040625 0.05625
1 0.446875 0.5 0.0484375 0.05625
5 0.4515625 0.403125 0.0171875 0.0375
1 0.4953125 0.4890625 0.0328125 0.0390625
5 0.5140625 0.40625 0.0234375 0.0375
1 0.55625 0.4984375 0.040625 0.04296875
5 0.55546875 0.446875 0.015625 0.0296875
5 0.5875 0.440625 0.0171875 0.02734375
5 0.58984375 0.43671875 0.009375 0.0375
1 0.7125 0.53984375 0.1734375 0.20703125