1 0.209375 0.5125 0.040625 0.0859375
1 0.2390625 0.50859375 0.040625 0.078125
1 0.27265625 0.496875 0.025 0.05625
1 0.3 0.49609375 0.021875 0.0546875
1 0.32109375 0.4953125 0.015625 0.0375
3 0.4734375 0.49296875 0.01171875 0.05625
1 0.4875 0.5015625 0.015625 0.05625
1 0.5125 0.496875 0.0375 0.0859375
1 0.53125 0.5015625 0.040625 0.07421875
1 0.12578125 0.5328125 0.16796875 0.09765625
1 0.33984375 0.4984375 0.046875 0.0640625
1 0.40625 0.509375 0.0796875 0.1109375
3 0.703125 0.49921875 0.025 0.071875
3 0.7359375 0.496875 0.03125 0.146875
3 0.76875 0.49140625 0.021875 0.134375
3 0.8015625 0.5 0.02734375 0.134375
3 0.8390625 0.46953125 0.0296875 0.07421875
3 0.890625 0.46015625 0.025 0.08984375
3 0.92265625 0.5140625 0.025 0.1171875
3 0.97265625 0.49921875 0.040625 0.1484375