3 0.74375 0.53984375 0.02734375 0.0875
3 0.70390625 0.5359375 0.025 0.084375
1 0.025 0.5671875 0.0484375 0.12109375
1 0.92578125 0.58984375 0.14453125 0.3671875
1 0.05 0.559375 0.053125 0.1078125
1 0.13359375 0.54609375 0.0640625 0.078125
1 0.13359375 0.540625 0.046875 0.06875
1 0.2203125 0.5359375 0.0625 0.06875
1 0.3296875 0.546875 0.12890625 0.1640625
1 0.43359375 0.52734375 0.05625 0.1109375
1 0.446875 0.55078125 0.025 0.071875
1 0.49296875 0.52734375 0.08984375 0.1390625
1 0.6078125 0.55390625 0.16796875 0.140625