1 0.0171875 0.578125 0.034375 0.153125
1 0.0140625 0.5875 0.025 0.11875
2 0.0765625 0.5015625 0.1078125 0.0859375
1 0.0921875 0.5765625 0.13671875 0.178125
1 0.28515625 0.5921875 0.32421875 0.4234375
4 0.31875 0.3296875 0.0171875 0.05078125
7 0.4140625 0.32421875 0.015625 0.040625
1 0.50625 0.52734375 0.0484375 0.05859375
7 0.4921875 0.3265625 0.015625 0.0484375
1 0.60625 0.5234375 0.07421875 0.0703125
1 0.696875 0.5640625 0.16796875 0.18125
7 0.6796875 0.41484375 0.015625 0.04296875
7 0.9265625 0.253125 0.0484375 0.1421875
3 0.96171875 0.540625 0.0328125 0.11875