1 0.06171875 0.53515625 0.11328125 0.0703125
4 0.11875 0.2890625 0.01953125 0.0625
1 0.1890625 0.521875 0.0328125 0.0296875
1 0.23515625 0.51640625 0.05625 0.0609375
1 0.2828125 0.5265625 0.0640625 0.0859375
1 0.2859375 0.53125 0.0703125 0.0953125
1 0.2625 0.51484375 0.0171875 0.02734375
4 0.2796875 0.3734375 0.0171875 0.053125
1 0.38125 0.56640625 0.17578125 0.196875
1 0.3109375 0.51171875 0.01953125 0.046875
4 0.3421875 0.32734375 0.0171875 0.0484375
5 0.3828125 0.4140625 0.01171875 0.025
5 0.415625 0.440625 0.0140625 0.0328125
1 0.45703125 0.51484375 0.0296875 0.04296875
1 0.459375 0.503125 0.025 0.053125
5 0.4984375 0.4015625 0.01953125 0.0375
1 0.51640625 0.5234375 0.04296875 0.046875
1 0.51875 0.51640625 0.0453125 0.05078125
1 0.584375 0.51953125 0.0328125 0.0390625
2 0.67265625 0.50703125 0.0640625 0.0953125
2 0.6703125 0.50625 0.0546875 0.09765625
1 0.72265625 0.54375 0.1421875 0.1484375
5 0.746875 0.4140625 0.015625 0.0484375
1 0.81328125 0.54609375 0.11875 0.10546875
1 0.81875 0.5484375 0.1171875 0.12109375