1 0.55390625 0.53046875 0.1328125 0.09765625
1 0.03828125 0.521875 0.0765625 0.1796875
1 0.0421875 0.55078125 0.06640625 0.22265625
1 0.09375 0.5796875 0.1265625 0.1734375
2 0.10078125 0.475 0.0953125 0.07421875
1 0.28515625 0.5890625 0.3265625 0.415625
4 0.31640625 0.328125 0.01953125 0.05625
7 0.4140625 0.3265625 0.01953125 0.0484375
1 0.48359375 0.5203125 0.025 0.03125
7 0.4921875 0.32734375 0.01953125 0.05859375
1 0.80078125 0.63359375 0.3765625 0.3671875
1 0.6375 0.54296875 0.046875 0.1171875
7 0.67890625 0.41796875 0.0171875 0.0484375
1 0.7984375 0.46484375 0.2328125 0.103125
2 0.92890625 0.4765625 0.13125 0.13125
7 0.9296875 0.25625 0.053125 0.1578125
3 0.9484375 0.5125 0.02734375 0.0546875