0 0.3625 0.47734375 0.01171875 0.040625
1 0.1109375 0.48359375 0.1 0.0609375
8 0.28203125 0.41015625 0.015625 0.04296875
1 0.39375 0.47265625 0.040625 0.053125
1 0.4265625 0.47578125 0.0234375 0.04296875
1 0.4578125 0.4734375 0.0390625 0.05625
7 0.4984375 0.33671875 0.0140625 0.040625
7 0.49921875 0.340625 0.01171875 0.03125
7 0.55 0.3359375 0.015625 0.0390625
7 0.55390625 0.3390625 0.015625 0.04296875
7 0.60625 0.3453125 0.0171875 0.0390625
7 0.6078125 0.346875 0.015625 0.040625
7 0.70703125 0.40703125 0.0171875 0.04296875
7 0.7078125 0.40625 0.0140625 0.0390625
1 0.7890625 0.4734375 0.08984375 0.0546875
7 0.7921875 0.3640625 0.015625 0.0546875
7 0.7921875 0.36640625 0.015625 0.0546875
1 0.9578125 0.4640625 0.08203125 0.06640625