1 0.184375 0.45703125 0.0390625 0.0484375
1 0.18671875 0.46015625 0.03515625 0.0375
1 0.21875 0.46015625 0.021875 0.0296875
1 0.21875 0.46171875 0.01953125 0.0328125
1 0.2546875 0.46484375 0.0328125 0.0375
1 0.2546875 0.46796875 0.02734375 0.0390625
1 0.30390625 0.4625 0.0328125 0.040625
1 0.30546875 0.46171875 0.0296875 0.0375
1 0.3328125 0.459375 0.0234375 0.0453125
1 0.3296875 0.46484375 0.0171875 0.0328125
1 0.5109375 0.484375 0.040625 0.0484375
7 0.5171875 0.35625 0.025 0.0328125
1 0.58515625 0.49140625 0.053125 0.0765625
7 0.5796875 0.37890625 0.01953125 0.0390625
1 0.6765625 0.4625 0.0296875 0.02734375
7 0.6796875 0.39453125 0.0140625 0.0234375
7 0.6796875 0.384375 0.01171875 0.05625
0 0.74609375 0.49140625 0.01953125 0.05078125