1 0.525 0.53984375 0.12890625 0.1078125
3 0.871875 0.46484375 0.021875 0.07421875
1 0.0140625 0.56875 0.025 0.1078125
1 0.028125 0.5515625 0.0546875 0.109375
1 0.09453125 0.5453125 0.053125 0.053125
1 0.1328125 0.534375 0.0234375 0.03125
1 0.24609375 0.5234375 0.03125 0.0390625
1 0.3390625 0.540625 0.11328125 0.171875
1 0.40625 0.528125 0.040625 0.0703125
1 0.4515625 0.5375 0.0640625 0.0921875
3 0.60078125 0.5015625 0.021875 0.0796875
3 0.75625 0.49609375 0.021875 0.0953125
3 0.815625 0.46796875 0.01953125 0.040625
1 0.92578125 0.58203125 0.146875 0.21875
3 0.87421875 0.5171875 0.0234375 0.0859375
3 0.89765625 0.496875 0.0234375 0.040625