1 0.0921875 0.51953125 0.08203125 0.05625
4 0.08671875 0.2671875 0.01953125 0.06875
1 0.17265625 0.52265625 0.04296875 0.03515625
1 0.35 0.58203125 0.2359375 0.24375
1 0.24140625 0.51640625 0.0171875 0.0296875
4 0.26171875 0.3625 0.01953125 0.0546875
4 0.3296875 0.30546875 0.0171875 0.0484375
5 0.378125 0.409375 0.01171875 0.025
5 0.41484375 0.440625 0.0140625 0.0328125
1 0.44921875 0.50703125 0.025 0.05078125
1 0.45390625 0.51484375 0.02734375 0.04296875
1 0.49921875 0.5203125 0.02734375 0.0484375
5 0.5 0.39453125 0.01953125 0.0375
1 0.56328125 0.5203125 0.0328125 0.040625
1 0.60546875 0.53203125 0.0859375 0.078125
1 0.74375 0.5328125 0.08203125 0.1
2 0.75390625 0.49140625 0.0859375 0.06875
1 0.87890625 0.57734375 0.240625 0.19921875
5 0.77734375 0.40703125 0.0171875 0.05078125
1 0.88671875 0.825 0.21484375 0.3265625
4 0.80859375 0.353125 0.0171875 0.04296875