1 0.1703125 0.49140625 0.040625 0.06640625
1 0.1984375 0.49296875 0.0375 0.0546875
1 0.203125 0.496875 0.021875 0.04296875
1 0.2265625 0.49140625 0.0328125 0.04296875
1 0.25625 0.4796875 0.0296875 0.0625
1 0.30859375 0.48046875 0.0328125 0.040625
4 0.509375 0.4234375 0.0171875 0.0390625
5 0.52421875 0.434375 0.015625 0.0375
9 0.52265625 0.4421875 0.0140625 0.021875
9 0.5484375 0.4375 0.0171875 0.0296875
5 0.54765625 0.4265625 0.015625 0.04296875
1 0.559375 0.48125 0.021875 0.05078125
1 0.59765625 0.48828125 0.05078125 0.05625