4 0.3015625 0.46015625 0.0140625 0.0328125
1 0.37890625 0.4953125 0.0296875 0.046875
1 0.3796875 0.4953125 0.025 0.0328125
2 0.409375 0.48046875 0.0609375 0.07421875
2 0.4078125 0.4828125 0.0453125 0.08203125
1 0.446875 0.5015625 0.0484375 0.05625
5 0.4484375 0.3984375 0.0171875 0.0375
1 0.49296875 0.49140625 0.0328125 0.0390625
5 0.515625 0.40546875 0.0234375 0.0375
5 0.51640625 0.4046875 0.01171875 0.03125
1 0.56171875 0.503125 0.046875 0.046875
5 0.56328125 0.4421875 0.0171875 0.03515625
5 0.5640625 0.45390625 0.015625 0.0296875
5 0.596875 0.44140625 0.0171875 0.02734375
5 0.59765625 0.43671875 0.01171875 0.0375
1 0.7203125 0.5421875 0.1734375 0.20703125