4 0.07109375 0.08515625 0.109375 0.15625
1 0.0828125 0.5171875 0.0546875 0.0453125
1 0.1765625 0.49609375 0.0875 0.06875
1 0.2859375 0.5078125 0.0953125 0.08203125
1 0.390625 0.49609375 0.0375 0.05078125
1 0.39765625 0.49609375 0.03515625 0.05078125
1 0.440625 0.49375 0.03515625 0.0453125
1 0.4421875 0.4953125 0.0328125 0.0625
4 0.5703125 0.028125 0.025 0.05625
4 0.565625 0.36015625 0.01171875 0.05078125
7 0.65234375 0.35546875 0.015625 0.0390625
7 0.72578125 0.41015625 0.0140625 0.04296875
7 0.8015625 0.0734375 0.0234375 0.08984375
3 0.86328125 0.4765625 0.0234375 0.0703125
3 0.8703125 0.48125 0.0234375 0.053125
0 0.9640625 0.4921875 0.0328125 0.1015625
3 0.99140625 0.48125 0.01171875 0.084375