1 0.134375 0.48359375 0.2671875 0.6265625
2 0.1296875 0.484375 0.25625 0.61875
1 0.34375 0.49609375 0.046875 0.06640625
1 0.49921875 0.621875 0.3265625 0.43125
8 0.3515625 0.30078125 0.01953125 0.071875
8 0.353125 0.284375 0.015625 0.0390625
7 0.4734375 0.24140625 0.01953125 0.06875
1 0.6765625 0.478125 0.1390625 0.103125
1 0.6859375 0.49140625 0.13671875 0.115625
7 0.6453125 0.36640625 0.01953125 0.04296875
1 0.8609375 0.58984375 0.2734375 0.34765625
7 0.98515625 0.2296875 0.02734375 0.0859375
7 0.98828125 0.20390625 0.021875 0.04296875