1 0.015625 0.5828125 0.03125 0.146875
2 0.0765625 0.5015625 0.109375 0.0875
1 0.09375 0.5765625 0.140625 0.1796875
1 0.28515625 0.59296875 0.32421875 0.42578125
8 0.31875 0.33203125 0.0171875 0.05078125
7 0.41484375 0.325 0.015625 0.040625
7 0.49296875 0.32734375 0.015625 0.046875
3 0.55078125 0.528125 0.015625 0.0703125
1 0.6390625 0.5375 0.06875 0.06640625
1 0.740625 0.578125 0.203125 0.2109375
7 0.68046875 0.41484375 0.015625 0.04296875
1 0.8625 0.51875 0.1234375 0.08984375
7 0.93125 0.246875 0.040625 0.1234375
3 0.9640625 0.53984375 0.03515625 0.1171875