1 0.8453125 0.67890625 0.30625 0.48828125
1 0.18671875 0.56328125 0.1078125 0.1328125
2 0.18828125 0.559375 0.1078125 0.125
1 0.3015625 0.55390625 0.0546875 0.0625
1 0.30390625 0.55859375 0.053125 0.05625
1 0.34453125 0.5546875 0.0328125 0.0390625
1 0.34453125 0.553125 0.0296875 0.0453125
1 0.4046875 0.5296875 0.0390625 0.03125
1 0.428125 0.53515625 0.025 0.0234375
0 0.459375 0.54609375 0.01171875 0.0484375
1 0.51953125 0.56640625 0.0484375 0.084375
1 0.55546875 0.57734375 0.05859375 0.09765625
1 0.5609375 0.57734375 0.0609375 0.109375
1 0.6515625 0.59453125 0.15 0.18359375