4 0.025 0.228125 0.021875 0.0765625
1 0.15 0.546875 0.1328125 0.084375
1 0.21796875 0.53515625 0.02734375 0.0390625
4 0.24609375 0.3484375 0.01953125 0.0703125
1 0.35625 0.61796875 0.2125 0.2796875
4 0.3296875 0.28046875 0.0234375 0.0609375
5 0.39375 0.4203125 0.0171875 0.0328125
4 0.3921875 0.41484375 0.01171875 0.0375
4 0.42890625 0.4453125 0.0140625 0.0390625
5 0.43046875 0.446875 0.0171875 0.03125
1 0.46015625 0.5171875 0.0234375 0.03125
1 0.51484375 0.53828125 0.05625 0.07421875
5 0.52265625 0.4 0.0171875 0.0453125
5 0.52421875 0.403125 0.01171875 0.0328125
1 0.5734375 0.553125 0.0953125 0.1109375
1 0.54765625 0.5296875 0.03515625 0.0546875
1 0.621875 0.528125 0.03515625 0.0625
1 0.6796875 0.55390625 0.109375 0.125
5 0.659375 0.475 0.01171875 0.03125
1 0.83203125 0.69609375 0.33203125 0.521875
5 0.8765625 0.396875 0.01953125 0.0625
4 0.88671875 0.3453125 0.01953125 0.040625
4 0.93671875 0.32421875 0.021875 0.0625