4 0.07109375 0.08515625 0.109375 0.15625
1 0.17265625 0.5171875 0.08984375 0.0953125
1 0.16796875 0.51484375 0.06640625 0.0875
1 0.2421875 0.53125 0.1265625 0.11875
1 0.2421875 0.525 0.12109375 0.09765625
1 0.3328125 0.4953125 0.05625 0.0609375
1 0.38359375 0.4984375 0.084375 0.08984375
1 0.45234375 0.49296875 0.0546875 0.053125
4 0.5703125 0.028125 0.025 0.05625
4 0.565625 0.36015625 0.01171875 0.05078125
4 0.65234375 0.35546875 0.015625 0.0390625
5 0.72578125 0.4109375 0.015625 0.0453125
4 0.80078125 0.0734375 0.025 0.08984375
3 0.79609375 0.4828125 0.0140625 0.05078125
0 0.86640625 0.4875 0.0234375 0.09765625
3 0.9015625 0.48515625 0.0234375 0.0703125
3 0.9 0.48125 0.021875 0.053125
3 0.9203125 0.496875 0.01953125 0.08984375
3 0.91875 0.496875 0.01171875 0.084375