1 0.0171875 0.578125 0.034375 0.153125
1 0.0125 0.5875 0.025 0.12109375
2 0.0765625 0.5015625 0.109375 0.0875
1 0.0921875 0.5765625 0.1390625 0.1796875
1 0.28515625 0.5921875 0.32421875 0.4234375
4 0.31875 0.3296875 0.0171875 0.05078125
7 0.4140625 0.32421875 0.015625 0.04296875
1 0.503125 0.528125 0.05625 0.0609375
7 0.4921875 0.3265625 0.015625 0.0484375
1 0.62109375 0.5203125 0.040625 0.0625
1 0.696875 0.5640625 0.16796875 0.18125
7 0.6796875 0.41484375 0.015625 0.04296875
7 0.9265625 0.24921875 0.046875 0.1390625
3 0.9625 0.53984375 0.0328125 0.1171875