1 0.0359375 0.5640625 0.071875 0.1328125
2 0.09453125 0.50625 0.11328125 0.1015625
2 0.09453125 0.5140625 0.10546875 0.1109375
1 0.15625 0.56640625 0.140625 0.15625
1 0.3265625 0.559375 0.2328125 0.31640625
4 0.3234375 0.33203125 0.01953125 0.04296875
7 0.415625 0.325 0.015625 0.040625
7 0.48828125 0.3296875 0.0140625 0.040625
1 0.61328125 0.525 0.071875 0.0703125
1 0.7 0.5625 0.1734375 0.17578125
7 0.66796875 0.4203125 0.0171875 0.046875
7 0.66796875 0.41484375 0.015625 0.0328125
7 0.8671875 0.275 0.0390625 0.1234375
3 0.91796875 0.53046875 0.0296875 0.103125