2 0.05 0.528125 0.09765625 0.1078125
2 0.0421875 0.5265625 0.06640625 0.1078125
1 0.0890625 0.58125 0.1265625 0.1859375
1 0.296875 0.6015625 0.3109375 0.43359375
4 0.31640625 0.3375 0.021875 0.053125
4 0.41328125 0.32734375 0.025 0.05625
4 0.415625 0.3390625 0.0171875 0.0546875
1 0.48359375 0.51640625 0.021875 0.04296875
1 0.48125 0.51171875 0.009375 0.0296875
4 0.4921875 0.33125 0.025 0.071875
4 0.49296875 0.3296875 0.0171875 0.046875
1 0.5359375 0.5296875 0.0453125 0.05859375
1 0.628125 0.54296875 0.0453125 0.1171875
1 0.796875 0.621875 0.3734375 0.353125
4 0.6796875 0.43125 0.01953125 0.05625
1 0.9421875 0.51953125 0.0796875 0.0609375
1 0.9453125 0.51953125 0.07421875 0.07421875
4 0.93671875 0.25859375 0.05078125 0.14453125