1 0.24921875 0.49921875 0.05859375 0.0625
1 0.3234375 0.496875 0.0484375 0.04296875
1 0.325 0.503125 0.0484375 0.046875
7 0.33671875 0.45703125 0.025 0.05859375
7 0.33515625 0.446875 0.0171875 0.053125
1 0.39140625 0.48828125 0.0609375 0.040625
1 0.4359375 0.503125 0.046875 0.0484375
1 0.434375 0.496875 0.0375 0.04296875
7 0.459375 0.30546875 0.0171875 0.03515625
8 0.459375 0.3109375 0.015625 0.0390625
1 0.4625 0.496875 0.021875 0.0328125
1 0.49609375 0.5078125 0.071875 0.1
7 0.4875 0.41484375 0.0171875 0.040625
7 0.53828125 0.4203125 0.015625 0.040625
7 0.54296875 0.4171875 0.015625 0.040625
7 0.54765625 0.3359375 0.01953125 0.0484375
7 0.546875 0.334375 0.0171875 0.04296875
1 0.56640625 0.50625 0.046875 0.0953125
1 0.5578125 0.50859375 0.02734375 0.08203125
1 0.590625 0.5140625 0.0453125 0.0875
1 0.58515625 0.521875 0.025 0.078125
7 0.58515625 0.446875 0.01171875 0.0296875
1 0.63125 0.528125 0.0796875 0.09765625
1 0.61640625 0.53125 0.0390625 0.09375
1 0.715625 0.54296875 0.16015625 0.140625
7 0.64765625 0.42109375 0.01953125 0.053125
7 0.64765625 0.415625 0.015625 0.04296875
7 0.6921875 0.409375 0.0234375 0.05859375
7 0.6921875 0.390625 0.0171875 0.03515625
3 0.9921875 0.5109375 0.0140625 0.078125