7 0.08203125 0.078125 0.1640625 0.15625
1 0.0828125 0.5171875 0.0546875 0.0453125
1 0.0875 0.521875 0.0375 0.053125
1 0.09375 0.49921875 0.040625 0.03125
1 0.17109375 0.503125 0.1015625 0.0625
1 0.22578125 0.5140625 0.05625 0.07421875
1 0.271875 0.5203125 0.1015625 0.0859375
1 0.34296875 0.51953125 0.071875 0.07421875
1 0.409375 0.49375 0.02734375 0.03515625
1 0.415625 0.496875 0.03515625 0.0390625
1 0.4359375 0.50078125 0.025 0.0484375
1 0.4734375 0.49609375 0.0328125 0.040625
1 0.5421875 0.48828125 0.0171875 0.0390625
1 0.56171875 0.49296875 0.02734375 0.05078125
4 0.56875 0.36015625 0.0234375 0.0625
4 0.65234375 0.35625 0.015625 0.04296875
5 0.72578125 0.41796875 0.0171875 0.05078125
7 0.80078125 0.07734375 0.05078125 0.1171875
4 0.8 0.0765625 0.02734375 0.0953125
1 0.83515625 0.49140625 0.0859375 0.040625
1 0.8421875 0.48828125 0.08203125 0.0609375
1 0.92265625 0.4859375 0.08203125 0.053125
1 0.91796875 0.48046875 0.05625 0.05625
3 0.9640625 0.5015625 0.0234375 0.1