0 0.371875 0.4734375 0.0078125 0.0375
1 0.14375 0.48046875 0.1 0.0609375
8 0.2984375 0.41015625 0.015625 0.04296875
1 0.40234375 0.47265625 0.03515625 0.040625
1 0.4328125 0.4734375 0.01953125 0.0296875
1 0.4625 0.47734375 0.0328125 0.0453125
7 0.49921875 0.3453125 0.0140625 0.03125
7 0.5015625 0.34765625 0.01171875 0.03125
7 0.55 0.34296875 0.015625 0.0296875
7 0.55 0.3484375 0.01171875 0.0375
7 0.5984375 0.3453125 0.0171875 0.0296875
7 0.59765625 0.35625 0.0140625 0.0390625
7 0.6921875 0.4046875 0.0171875 0.040625
7 0.6921875 0.4015625 0.0140625 0.02734375
7 0.75703125 0.37421875 0.0171875 0.0390625
7 0.7609375 0.378125 0.015625 0.046875
1 0.7984375 0.475 0.0796875 0.0453125
1 0.93671875 0.4625 0.0859375 0.0640625