1 0.95 0.5328125 0.09765625 0.0953125
1 0.05625 0.615625 0.1125 0.278125
1 0.17109375 0.546875 0.040625 0.046875
1 0.171875 0.546875 0.03125 0.0328125
1 0.2125 0.54296875 0.0390625 0.04296875
1 0.21484375 0.54296875 0.040625 0.05078125
1 0.2984375 0.534375 0.1078125 0.125
1 0.25703125 0.52734375 0.0171875 0.0484375
1 0.3921875 0.525 0.0375 0.053125
1 0.446875 0.525 0.046875 0.0625
1 0.484375 0.51171875 0.04296875 0.07421875
1 0.4828125 0.51484375 0.0296875 0.046875
1 0.53828125 0.5484375 0.103125 0.11875
2 0.825 0.51640625 0.140625 0.09765625
2 0.8390625 0.51953125 0.10546875 0.0796875
3 0.8265625 0.53515625 0.03125 0.140625
3 0.828125 0.5375 0.015625 0.134375