1 0.01640625 0.58125 0.0328125 0.1484375
2 0.0765625 0.5015625 0.1078125 0.0859375
1 0.09296875 0.5765625 0.1390625 0.178125
1 0.28515625 0.5921875 0.32421875 0.4234375
8 0.31875 0.3296875 0.0171875 0.05078125
7 0.4140625 0.32421875 0.015625 0.040625
7 0.4921875 0.3265625 0.015625 0.0484375
1 0.55 0.53125 0.1109375 0.0640625
3 0.59765625 0.515625 0.0140625 0.03515625
1 0.6984375 0.56328125 0.16796875 0.18359375
7 0.6796875 0.41484375 0.015625 0.04296875
1 0.76953125 0.51640625 0.0328125 0.07421875
7 0.92890625 0.25390625 0.0484375 0.1484375
3 0.9625 0.53984375 0.03515625 0.1171875