1 0.1578125 0.4640625 0.0390625 0.0484375
1 0.15703125 0.46484375 0.03515625 0.0375
1 0.19453125 0.465625 0.025 0.03125
1 0.196875 0.46953125 0.021875 0.0296875
1 0.234375 0.475 0.0328125 0.0375
1 0.23828125 0.47265625 0.02734375 0.0390625
1 0.28203125 0.46875 0.03515625 0.0390625
1 0.2875 0.46875 0.0328125 0.03515625
1 0.31640625 0.4640625 0.0234375 0.0453125
1 0.31953125 0.46796875 0.01953125 0.03125
8 0.4484375 0.36640625 0.01953125 0.0453125
1 0.5109375 0.4859375 0.040625 0.053125
7 0.51640625 0.35 0.025 0.0328125
7 0.51640625 0.36640625 0.0140625 0.0390625
1 0.590625 0.49140625 0.06640625 0.07421875
7 0.58203125 0.37421875 0.01953125 0.0390625
7 0.58515625 0.38203125 0.01171875 0.0375
1 0.6796875 0.4734375 0.0296875 0.02734375
7 0.6921875 0.39140625 0.0140625 0.0234375
7 0.6953125 0.4125 0.0140625 0.0546875
0 0.79765625 0.50078125 0.03515625 0.0484375