1 0.165625 0.53125 0.0640625 0.0765625
1 0.1703125 0.53125 0.0640625 0.0703125
1 0.3328125 0.521875 0.0234375 0.0640625
8 0.346875 0.465625 0.01953125 0.0453125
1 0.3671875 0.5296875 0.05625 0.06875
1 0.44921875 0.5546875 0.10546875 0.13125
1 0.45 0.44921875 0.0875 0.0875
2 0.44921875 0.46484375 0.08203125 0.1234375
5 0.4625 0.378125 0.025 0.0453125
5 0.4609375 0.375 0.015625 0.04296875
1 0.6296875 0.521875 0.109375 0.0796875
5 0.59296875 0.40234375 0.021875 0.0484375
6 0.5921875 0.396875 0.0171875 0.05078125