1 0.0125 0.53515625 0.0171875 0.1078125
7 0.1796875 0.340625 0.025 0.06640625
7 0.18125 0.3375 0.025 0.0765625
3 0.24921875 0.48828125 0.046875 0.13125
3 0.38125 0.48515625 0.01171875 0.05859375
1 0.46484375 0.47265625 0.021875 0.03515625
1 0.4890625 0.4734375 0.021875 0.0328125
1 0.53828125 0.48125 0.0171875 0.05625
1 0.56328125 0.49140625 0.0375 0.0625
1 0.5671875 0.48359375 0.0375 0.046875
7 0.5953125 0.309375 0.0171875 0.0765625
3 0.73359375 0.46875 0.021875 0.1015625
3 0.7375 0.465625 0.021875 0.08203125
1 0.9515625 0.490625 0.0953125 0.13671875
1 0.96171875 0.48515625 0.07421875 0.1421875