1 0.0484375 0.546875 0.096875 0.121875
1 0.0921875 0.48515625 0.0328125 0.025
1 0.1 0.5140625 0.02734375 0.02734375
1 0.1765625 0.49609375 0.08984375 0.06875
1 0.36640625 0.49296875 0.053125 0.05078125
1 0.35078125 0.4921875 0.01171875 0.0484375
1 0.4171875 0.5046875 0.053125 0.07421875
1 0.46796875 0.4921875 0.04296875 0.04296875
1 0.49296875 0.4984375 0.01953125 0.040625
4 0.5703125 0.0296875 0.02734375 0.05625
4 0.565625 0.36015625 0.0140625 0.053125
2 0.6671875 0.4625 0.11875 0.0875
7 0.65234375 0.35546875 0.015625 0.040625
7 0.72578125 0.40625 0.015625 0.04296875
7 0.7296875 0.4078125 0.0140625 0.02734375
7 0.8015625 0.0703125 0.025 0.08984375
3 0.84765625 0.47578125 0.03125 0.0875
3 0.86015625 0.48359375 0.025 0.05625
0 0.9671875 0.4921875 0.03125 0.1015625
3 0.975 0.4796875 0.03125 0.15625
3 0.99140625 0.48125 0.01171875 0.084375