1 0.159375 0.50625 0.18125 0.171875
1 0.15703125 0.5140625 0.165625 0.14453125
1 0.41796875 0.4921875 0.04296875 0.0546875
1 0.4203125 0.49375 0.0296875 0.0390625
1 0.46953125 0.49140625 0.03515625 0.0484375
1 0.53203125 0.48515625 0.046875 0.0546875
4 0.5703125 0.028125 0.02734375 0.05625
4 0.56640625 0.36015625 0.0140625 0.053125
7 0.653125 0.35546875 0.015625 0.040625
7 0.7265625 0.4015625 0.015625 0.04296875
7 0.7296875 0.40625 0.0140625 0.02734375
7 0.7984375 0.07421875 0.025 0.0921875
3 0.81640625 0.47578125 0.03125 0.0875
3 0.81640625 0.478125 0.025 0.05625
0 0.97265625 0.4921875 0.02734375 0.1015625
3 0.97578125 0.47734375 0.03125 0.15625
3 0.99140625 0.48125 0.01171875 0.084375