1 0.209375 0.5125 0.0390625 0.0859375
1 0.2390625 0.50859375 0.0390625 0.0765625
1 0.27265625 0.496875 0.0234375 0.05625
1 0.3 0.49609375 0.021875 0.0546875
3 0.4734375 0.49296875 0.009375 0.05625
1 0.4875 0.5015625 0.0140625 0.05625
1 0.5125 0.496875 0.0375 0.0859375
1 0.53125 0.5015625 0.0390625 0.07421875
1 0.12578125 0.5359375 0.165625 0.0953125
1 0.334375 0.503125 0.0453125 0.0625
1 0.4078125 0.50859375 0.071875 0.1015625
3 0.703125 0.49921875 0.025 0.071875
3 0.7359375 0.496875 0.0296875 0.1484375
3 0.7671875 0.49140625 0.021875 0.13671875
3 0.8140625 0.49921875 0.0328125 0.13125
3 0.85234375 0.46953125 0.0296875 0.07421875
3 0.88984375 0.45703125 0.0234375 0.084375
3 0.9234375 0.51484375 0.025 0.11875
3 0.971875 0.50078125 0.0390625 0.15234375