1 0.046875 0.51953125 0.0921875 0.22265625
1 0.13203125 0.5421875 0.10546875 0.1234375
1 0.1921875 0.521875 0.078125 0.0953125
1 0.196875 0.525 0.06640625 0.0796875
1 0.24375 0.515625 0.0703125 0.0875
1 0.2453125 0.51640625 0.06875 0.0859375
1 0.2875 0.5109375 0.05625 0.0875
1 0.29609375 0.515625 0.0546875 0.078125
1 0.36640625 0.51484375 0.0484375 0.0625
1 0.3703125 0.515625 0.04296875 0.0546875
7 0.39140625 0.3921875 0.01953125 0.040625
7 0.38984375 0.38671875 0.0078125 0.0234375
1 0.4359375 0.50859375 0.0609375 0.0765625
7 0.44609375 0.38359375 0.021875 0.0453125
1 0.4484375 0.3828125 0.009375 0.0296875
1 0.4859375 0.51171875 0.0546875 0.04296875
7 0.49375 0.38359375 0.0171875 0.040625
7 0.49296875 0.3875 0.009375 0.03125
1 0.54296875 0.5140625 0.053125 0.0703125
1 0.60625 0.5078125 0.0609375 0.1015625
1 0.6046875 0.50859375 0.0453125 0.0875
7 0.60234375 0.440625 0.0171875 0.046875
1 0.634375 0.51484375 0.053125 0.0921875
7 0.6234375 0.4109375 0.021875 0.0625
1 0.63359375 0.5140625 0.0390625 0.0765625
7 0.621875 0.409375 0.015625 0.0390625
1 0.678125 0.5109375 0.078125 0.1109375
1 0.678125 0.51640625 0.078125 0.103125
1 0.746875 0.5328125 0.1625 0.1328125
1 0.74140625 0.5359375 0.134375 0.125