1 0.015625 0.58671875 0.03125 0.1703125
1 0.08671875 0.57890625 0.1328125 0.18125
2 0.0765625 0.5015625 0.109375 0.0875
1 0.284375 0.5921875 0.3296875 0.4234375
4 0.31875 0.32890625 0.0171875 0.053125
7 0.4140625 0.3265625 0.0171875 0.0453125
1 0.49375 0.5203125 0.025 0.0453125
7 0.49140625 0.3265625 0.0171875 0.053125
1 0.528125 0.51953125 0.021875 0.0375
1 0.54609375 0.52734375 0.040625 0.0546875
1 0.69140625 0.56328125 0.15625 0.1734375
3 0.63125 0.51875 0.01953125 0.05625
3 0.63203125 0.5140625 0.015625 0.040625
7 0.6796875 0.415625 0.015625 0.0453125
2 0.8625 0.4796875 0.203125 0.134375
1 0.9234375 0.5203125 0.146875 0.08203125
7 0.93046875 0.253125 0.0484375 0.1484375
3 0.95390625 0.5421875 0.0296875 0.12109375