1 0.03828125 0.53515625 0.0765625 0.1546875
2 0.0765625 0.5015625 0.1078125 0.0859375
1 0.0890625 0.578125 0.1328125 0.1796875
1 0.284375 0.5921875 0.3265625 0.4234375
4 0.31875 0.32890625 0.0171875 0.05078125
7 0.4140625 0.325 0.0171875 0.04296875
1 0.4890625 0.5203125 0.03515625 0.05078125
7 0.49140625 0.3265625 0.0171875 0.05078125
1 0.52421875 0.521875 0.025 0.0390625
1 0.69453125 0.5640625 0.1625 0.17578125
3 0.63203125 0.51953125 0.01953125 0.05625
3 0.63359375 0.5140625 0.0140625 0.0390625
7 0.6796875 0.415625 0.015625 0.0453125
2 0.8859375 0.4828125 0.225 0.14453125
7 0.93046875 0.253125 0.0484375 0.1546875
3 0.95703125 0.5421875 0.0296875 0.11875