1 0.02421875 0.46875 0.0390625 0.0546875
1 0.03203125 0.471875 0.03125 0.05625
1 0.06171875 0.475 0.0375 0.04296875
1 0.065625 0.4734375 0.0375 0.0375
1 0.10234375 0.475 0.05625 0.0546875
1 0.10234375 0.4765625 0.05078125 0.040625
1 0.13984375 0.46796875 0.01953125 0.0484375
1 0.178125 0.46796875 0.05859375 0.06875
1 0.17890625 0.4703125 0.05625 0.05859375
1 0.23515625 0.46875 0.046875 0.0546875
1 0.2375 0.46875 0.0375 0.04296875
7 0.4125 0.3125 0.01953125 0.0484375
8 0.41328125 0.3125 0.01953125 0.0453125
1 0.4984375 0.509375 0.1 0.1265625
7 0.50390625 0.3109375 0.025 0.0453125
7 0.50625 0.309375 0.0171875 0.05078125
7 0.6078125 0.3234375 0.01953125 0.046875
7 0.60546875 0.3265625 0.015625 0.0453125
1 0.6875 0.49140625 0.146875 0.1546875
7 0.690625 0.39453125 0.021875 0.0453125
7 0.6890625 0.39140625 0.0171875 0.05078125
7 0.83984375 0.3125 0.01953125 0.0765625
7 0.8453125 0.3078125 0.01953125 0.06640625