3 0.9625 0.54296875 0.0390625 0.140625
1 0.1 0.5953125 0.19921875 0.4078125
1 0.23046875 0.55390625 0.07421875 0.078125
4 0.27734375 0.28125 0.03125 0.07421875
1 0.30390625 0.546875 0.0171875 0.0234375
1 0.325 0.540625 0.01953125 0.021875
1 0.3859375 0.540625 0.0375 0.078125
1 0.384375 0.53828125 0.0328125 0.0625
1 0.4359375 0.54609375 0.09765625 0.134375
4 0.4046875 0.278125 0.02734375 0.07421875
4 0.50625 0.2828125 0.0328125 0.07421875
1 0.5359375 0.521875 0.05625 0.0953125
1 0.5359375 0.515625 0.0375 0.0546875
1 0.64140625 0.55 0.0875 0.103125
1 0.821875 0.6296875 0.3515625 0.3296875
5 0.7484375 0.4015625 0.02734375 0.0703125
4 0.7515625 0.40546875 0.021875 0.05625