1 0.6328125 0.5015625 0.1078125 0.0609375
4 0.0640625 0.0671875 0.0796875 0.12890625
1 0.09453125 0.50078125 0.0953125 0.07421875
1 0.21171875 0.51484375 0.06640625 0.0796875
1 0.2640625 0.52265625 0.1109375 0.07421875
1 0.33125 0.51171875 0.0859375 0.09375
1 0.4046875 0.49375 0.09765625 0.07421875
4 0.571875 0.0296875 0.02734375 0.0546875
7 0.565625 0.36328125 0.0140625 0.04296875
7 0.653125 0.35859375 0.0171875 0.05078125
7 0.65234375 0.3578125 0.009375 0.0390625
7 0.728125 0.41875 0.0140625 0.0484375
7 0.80078125 0.0765625 0.0296875 0.0921875
3 0.9 0.56953125 0.1890625 0.7890625
3 0.9078125 0.590625 0.1796875 0.7984375