4 0.0609375 0.07109375 0.09765625 0.1421875
1 0.45 0.5015625 0.021875 0.046875
1 0.475 0.503125 0.03515625 0.0484375
1 0.54296875 0.49921875 0.11875 0.06875
7 0.5640625 0.3640625 0.0171875 0.0484375
4 0.5703125 0.025 0.028125 0.05
7 0.65234375 0.35859375 0.015625 0.05625
7 0.728125 0.4140625 0.0171875 0.05078125
7 0.80078125 0.07890625 0.0296875 0.1078125
1 0.8625 0.4890625 0.071875 0.0546875
1 0.85078125 0.4875 0.0390625 0.05859375
1 0.8890625 0.48359375 0.0484375 0.046875
1 0.92109375 0.4859375 0.103125 0.05625