4 0.07109375 0.08515625 0.109375 0.15625
1 0.12421875 0.525 0.1890625 0.13125
1 0.13671875 0.5171875 0.15234375 0.134375
1 0.2859375 0.49375 0.05625 0.08203125
1 0.325 0.50390625 0.1078125 0.109375
1 0.434375 0.496875 0.046875 0.053125
1 0.4703125 0.49296875 0.03125 0.046875
4 0.5703125 0.028125 0.02734375 0.05625
4 0.56640625 0.36015625 0.0140625 0.053125
4 0.65234375 0.35546875 0.015625 0.040625
5 0.72578125 0.4109375 0.015625 0.0453125
4 0.80078125 0.0734375 0.025 0.08984375
3 0.80078125 0.4828125 0.015625 0.053125
0 0.83125 0.49140625 0.021875 0.08203125
3 0.8953125 0.48828125 0.01953125 0.08984375
3 0.89453125 0.49296875 0.01171875 0.07421875
3 0.92265625 0.49296875 0.025 0.0703125
3 0.92109375 0.48515625 0.01953125 0.0609375