1 0.83203125 0.640625 0.33203125 0.3515625
2 0.10859375 0.55 0.1546875 0.178125
1 0.11015625 0.5515625 0.146875 0.178125
1 0.28046875 0.5390625 0.06640625 0.0765625
1 0.2796875 0.5390625 0.0640625 0.0765625
1 0.33203125 0.5359375 0.03515625 0.0453125
1 0.3328125 0.5375 0.0296875 0.0453125
1 0.42578125 0.5171875 0.02734375 0.03125
0 0.4578125 0.52265625 0.01171875 0.0484375
1 0.54609375 0.55078125 0.0625 0.109375
1 0.6265625 0.5703125 0.134375 0.16015625
1 0.6328125 0.57734375 0.13671875 0.17578125