2 0.0625 0.5078125 0.125 0.11875
2 0.028125 0.50625 0.05625 0.1078125
1 0.0953125 0.57890625 0.12890625 0.17578125
1 0.28828125 0.5921875 0.31875 0.4140625
4 0.31640625 0.3296875 0.01953125 0.0609375
7 0.41328125 0.32734375 0.0234375 0.053125
7 0.415625 0.3359375 0.0171875 0.0546875
7 0.4921875 0.32890625 0.0234375 0.0640625
7 0.49296875 0.328125 0.0171875 0.046875
1 0.5234375 0.5125 0.05859375 0.06875
1 0.53515625 0.525 0.053125 0.078125
1 0.53125 0.53203125 0.040625 0.07421875
1 0.63125 0.54296875 0.0453125 0.1171875
1 0.79765625 0.63203125 0.375 0.36328125
7 0.67890625 0.42265625 0.01953125 0.0546875
1 0.9421875 0.51953125 0.0796875 0.0609375
7 0.93125 0.25703125 0.05625 0.16015625
3 0.96015625 0.5234375 0.025 0.06640625