1 0.90234375 0.62890625 0.19375 0.35
1 0.046875 0.56171875 0.0875 0.109375
1 0.0984375 0.5578125 0.01953125 0.0625
1 0.21953125 0.55078125 0.046875 0.0453125
1 0.3515625 0.55 0.109375 0.1546875
1 0.409375 0.5421875 0.03515625 0.07421875
1 0.41328125 0.55078125 0.01953125 0.071875
1 0.4390625 0.553125 0.04296875 0.071875
1 0.471875 0.546875 0.04296875 0.07421875
1 0.50390625 0.53828125 0.03125 0.1234375
1 0.540625 0.5390625 0.05859375 0.12890625
1 0.56953125 0.55078125 0.05625 0.1390625
1 0.6984375 0.55390625 0.2328125 0.20703125