1 0.10625 0.49140625 0.084375 0.0875
1 0.109375 0.49921875 0.07421875 0.07421875
8 0.20234375 0.4171875 0.0234375 0.05625
1 0.403125 0.47578125 0.0796875 0.12109375
4 0.4203125 0.36796875 0.015625 0.0375
1 0.45625 0.4921875 0.0390625 0.05078125
1 0.45390625 0.48515625 0.0234375 0.0390625
1 0.503125 0.503125 0.08203125 0.0875
7 0.4953125 0.34375 0.0140625 0.05078125
1 0.58515625 0.4984375 0.0390625 0.08984375
1 0.6 0.5015625 0.06640625 0.0703125
7 0.59296875 0.415625 0.0140625 0.040625
1 0.66484375 0.50703125 0.1078125 0.1265625
7 0.68125 0.38984375 0.0234375 0.05859375
7 0.68359375 0.38125 0.021875 0.0453125
1 0.72578125 0.4703125 0.040625 0.03515625
1 0.73125 0.496875 0.053125 0.05078125
1 0.86875 0.5421875 0.259375 0.38671875
3 0.7671875 0.47265625 0.0296875 0.06875