2 0.53046875 0.5078125 0.0453125 0.04296875
1 0.0140625 0.58671875 0.02734375 0.13671875
2 0.0765625 0.5015625 0.109375 0.0875
1 0.09375 0.5765625 0.140625 0.1796875
1 0.28515625 0.59296875 0.32421875 0.42578125
4 0.31875 0.33203125 0.0171875 0.05078125
7 0.41484375 0.325 0.015625 0.040625
3 0.475 0.53125 0.015625 0.0703125
7 0.49296875 0.32734375 0.015625 0.046875
1 0.746875 0.578125 0.21484375 0.2109375
7 0.68125 0.41796875 0.0234375 0.0625
7 0.68046875 0.41484375 0.015625 0.04296875
1 0.8109375 0.528125 0.05625 0.0640625
7 0.93125 0.246875 0.040625 0.1234375
3 0.971875 0.540625 0.03515625 0.11875