1 0.06953125 0.55 0.1390625 0.0703125
1 0.1640625 0.53828125 0.046875 0.04296875
1 0.16875 0.5453125 0.05625 0.0546875
1 0.21484375 0.53828125 0.03125 0.040625
4 0.2453125 0.33515625 0.01953125 0.0703125
1 0.371875 0.609375 0.1890625 0.2359375
4 0.32421875 0.271875 0.0234375 0.0609375
5 0.3984375 0.4171875 0.0171875 0.0328125
5 0.39921875 0.41328125 0.0140625 0.0375
5 0.4375 0.446875 0.0171875 0.03125
5 0.43671875 0.4453125 0.0140625 0.040625
1 0.5046875 0.5375 0.0375 0.071875
5 0.5328125 0.4 0.0171875 0.0453125
5 0.53125 0.3984375 0.0140625 0.0328125
1 0.56171875 0.54375 0.07421875 0.0953125
1 0.54765625 0.525 0.03515625 0.046875
1 0.6015625 0.528125 0.03515625 0.0640625
1 0.71875 0.60546875 0.26171875 0.275
1 0.6234375 0.55 0.04296875 0.1109375
5 0.659375 0.475 0.0140625 0.03125
1 0.9015625 0.5703125 0.1859375 0.2484375
4 0.909375 0.34375 0.01953125 0.04296875
5 0.909375 0.39375 0.01953125 0.0640625
4 0.9671875 0.31953125 0.021875 0.0625
1 0.978125 0.815625 0.0375 0.3515625