2 0.0640625 0.503125 0.128125 0.121875
2 0.0484375 0.50703125 0.096875 0.1109375
1 0.09765625 0.578125 0.12890625 0.1734375
1 0.2859375 0.58984375 0.31875 0.41015625
4 0.31640625 0.32890625 0.01953125 0.0625
7 0.41328125 0.32734375 0.0234375 0.053125
7 0.415625 0.3359375 0.0171875 0.0546875
7 0.49140625 0.32890625 0.0234375 0.0640625
7 0.49296875 0.328125 0.0171875 0.046875
1 0.5234375 0.50859375 0.05859375 0.07421875
2 0.525 0.503125 0.0375 0.0625
1 0.57734375 0.5296875 0.0921875 0.08203125
1 0.575 0.528125 0.078125 0.0765625
1 0.63203125 0.54296875 0.0453125 0.1171875
1 0.79765625 0.6328125 0.375 0.365625
7 0.67890625 0.42109375 0.01953125 0.0546875
1 0.78515625 0.53125 0.103125 0.1328125
7 0.93125 0.25703125 0.05859375 0.1640625
1 0.9421875 0.51953125 0.0796875 0.0609375
3 0.9609375 0.5234375 0.025 0.06640625