4 0.0625 0.06953125 0.0875 0.134375
1 0.11328125 0.5109375 0.115625 0.078125
1 0.21171875 0.521875 0.13125 0.1265625
1 0.4734375 0.49375 0.040625 0.05078125
1 0.475 0.4953125 0.02734375 0.0375
1 0.5234375 0.49609375 0.11328125 0.05859375
1 0.525 0.49921875 0.1109375 0.05078125
4 0.571875 0.02734375 0.0296875 0.05078125
7 0.565625 0.36328125 0.0140625 0.046875
1 0.5984375 0.49296875 0.05625 0.0390625
1 0.590625 0.496875 0.0375 0.05078125
7 0.653125 0.35859375 0.0171875 0.05078125
7 0.65234375 0.3578125 0.009375 0.0390625
7 0.728125 0.41875 0.0140625 0.0484375
1 0.846875 0.496875 0.1234375 0.07421875
7 0.80078125 0.075 0.0296875 0.09375
1 0.9375 0.48515625 0.08984375 0.06875