4 0.08203125 0.078125 0.1640625 0.15625
4 0.065625 0.0671875 0.0765625 0.125
1 0.0875 0.5234375 0.0375 0.053125
1 0.09375 0.49921875 0.040625 0.03125
1 0.17109375 0.503125 0.1015625 0.0625
1 0.2203125 0.5125 0.05625 0.07421875
1 0.2703125 0.521875 0.1015625 0.084375
1 0.3421875 0.5171875 0.071875 0.07421875
1 0.40234375 0.49375 0.02734375 0.03515625
1 0.41015625 0.4984375 0.0375 0.0328125
1 0.43046875 0.50078125 0.025 0.0484375
1 0.434375 0.490625 0.0234375 0.0390625
1 0.47265625 0.4953125 0.03125 0.0390625
1 0.54375 0.48515625 0.025 0.040625
4 0.56875 0.36015625 0.0234375 0.0625
4 0.5734375 0.03046875 0.02734375 0.05625
7 0.56640625 0.3640625 0.0140625 0.040625
7 0.65234375 0.3578125 0.009375 0.0390625
7 0.80078125 0.07734375 0.05078125 0.1171875
7 0.8015625 0.07734375 0.02734375 0.08984375
1 0.82109375 0.490625 0.053125 0.04296875
1 0.81875 0.48515625 0.0390625 0.05625
1 0.86328125 0.4921875 0.0859375 0.0546875
1 0.8640625 0.4875 0.0796875 0.0546875
3 0.95703125 0.4859375 0.0234375 0.1
1 0.97734375 0.4828125 0.0390625 0.040625
1 0.98046875 0.4875 0.0328125 0.0453125