1 0.05078125 0.55859375 0.1015625 0.1265625
2 0.109375 0.5046875 0.103125 0.103125
2 0.1078125 0.50859375 0.08984375 0.1
1 0.18671875 0.559375 0.12890625 0.1421875
1 0.3421875 0.5546875 0.19921875 0.2671875
4 0.3265625 0.33984375 0.01953125 0.04296875
7 0.41484375 0.3328125 0.0140625 0.0390625
1 0.51171875 0.52265625 0.1390625 0.1109375
1 0.509375 0.521875 0.13125 0.0796875
7 0.4875 0.33671875 0.01171875 0.0390625
1 0.6703125 0.5546875 0.14453125 0.15625
7 0.6609375 0.4203125 0.0171875 0.046875
7 0.659375 0.4171875 0.0140625 0.0328125
1 0.78046875 0.5171875 0.1171875 0.0625
7 0.83125 0.2953125 0.03515625 0.1078125
3 0.88671875 0.52734375 0.02734375 0.09765625
1 0.940625 0.54765625 0.11328125 0.296875