1 0.0171875 0.5796875 0.034375 0.15
2 0.0765625 0.5015625 0.109375 0.0875
1 0.0921875 0.5765625 0.1390625 0.1796875
1 0.28515625 0.5921875 0.32421875 0.4234375
8 0.31875 0.3296875 0.0171875 0.05078125
7 0.4140625 0.32421875 0.015625 0.04296875
1 0.528125 0.53125 0.1 0.0640625
7 0.4921875 0.3265625 0.015625 0.0484375
3 0.5984375 0.5265625 0.015625 0.05625
3 0.60078125 0.5265625 0.01953125 0.0640625
1 0.696875 0.56328125 0.16796875 0.18359375
7 0.6796875 0.41484375 0.015625 0.04296875
7 0.9296875 0.25078125 0.0484375 0.15625
3 0.9625 0.53984375 0.03515625 0.1171875