4 0.07109375 0.08515625 0.109375 0.15625
1 0.14453125 0.5265625 0.17578125 0.146875
1 0.25703125 0.5171875 0.071875 0.0875
1 0.2625 0.51171875 0.071875 0.07421875
1 0.36015625 0.49921875 0.0375 0.053125
1 0.4203125 0.50703125 0.053125 0.0609375
1 0.41796875 0.5 0.0453125 0.05625
1 0.4609375 0.49140625 0.04296875 0.0609375
1 0.48359375 0.4953125 0.025 0.040625
4 0.5703125 0.028125 0.02734375 0.05625
4 0.565625 0.36015625 0.0140625 0.053125
4 0.65234375 0.35546875 0.015625 0.040625
5 0.72578125 0.41015625 0.015625 0.04296875
4 0.80078125 0.0734375 0.025 0.08984375
3 0.86640625 0.4765625 0.025 0.0703125
3 0.871875 0.48125 0.021875 0.0546875
0 0.9625 0.49375 0.02734375 0.1
3 0.9875 0.4953125 0.01171875 0.084375