1 0.196875 0.553125 0.1109375 0.1234375
1 0.1984375 0.55546875 0.103125 0.1109375
1 0.30546875 0.54296875 0.04296875 0.05078125
1 0.30625 0.540625 0.04296875 0.053125
1 0.3421875 0.5296875 0.03125 0.0390625
1 0.3921875 0.5078125 0.03515625 0.03125
1 0.425 0.51484375 0.02734375 0.03125
0 0.45625 0.5265625 0.021875 0.0609375
0 0.45390625 0.52421875 0.015625 0.0625
1 0.50625 0.51640625 0.04296875 0.046875
1 0.56953125 0.50859375 0.0640625 0.0546875
1 0.63671875 0.51484375 0.05859375 0.06640625
1 0.771875 0.60625 0.328125 0.30078125