4 0.0828125 0.07890625 0.165625 0.1578125
1 0.0828125 0.5171875 0.0546875 0.0453125
1 0.0875 0.53125 0.0375 0.053125
1 0.09375 0.49921875 0.04296875 0.03125
1 0.17109375 0.503125 0.103125 0.0640625
1 0.271875 0.5203125 0.1015625 0.0859375
1 0.35546875 0.5125 0.071875 0.0765625
1 0.4359375 0.4984375 0.03515625 0.040625
1 0.43671875 0.49921875 0.0296875 0.03515625
1 0.47265625 0.496875 0.0328125 0.04296875
1 0.54296875 0.4859375 0.021875 0.04296875
1 0.5453125 0.4875 0.02734375 0.04296875
1 0.565625 0.49140625 0.0296875 0.0484375
4 0.56875 0.36015625 0.025 0.0625
1 0.58125 0.48828125 0.0171875 0.05625
1 0.5984375 0.4875 0.03515625 0.0484375
1 0.603125 0.49296875 0.0328125 0.046875
1 0.6328125 0.4921875 0.0390625 0.06640625
4 0.65234375 0.35625 0.015625 0.04296875
5 0.72578125 0.4171875 0.0171875 0.05078125
7 0.80078125 0.07734375 0.05078125 0.1171875
4 0.8 0.075 0.02734375 0.09375
1 0.8609375 0.509375 0.07421875 0.11328125
1 0.9390625 0.478125 0.07421875 0.0640625
3 0.9578125 0.48046875 0.025 0.09765625
3 0.9671875 0.46875 0.0234375 0.078125