1 0.2046875 0.4953125 0.103125 0.06875
1 0.1078125 0.509375 0.19140625 0.1640625
4 0.0625 0.06953125 0.08984375 0.134375
1 0.1078125 0.51953125 0.178125 0.1546875
1 0.4421875 0.4875 0.109375 0.07421875
4 0.571875 0.02734375 0.0296875 0.05078125
7 0.565625 0.3640625 0.0140625 0.0484375
1 0.63203125 0.49921875 0.1234375 0.071875
7 0.653125 0.35859375 0.0171875 0.05078125
7 0.728125 0.41875 0.0140625 0.0484375
7 0.80078125 0.075 0.0296875 0.09375
1 0.85546875 0.48828125 0.084375 0.0859375
1 0.8625 0.4890625 0.071875 0.0546875
1 0.92109375 0.4859375 0.103125 0.05625
1 0.91875 0.48515625 0.05078125 0.0546875
1 0.971875 0.48125 0.0484375 0.05078125