1 0.2234375 0.653125 0.4453125 0.44375
1 0.4953125 0.53125 0.1703125 0.1875
1 0.54375 0.4890625 0.05859375 0.07421875
1 0.54765625 0.48359375 0.0546875 0.0390625
1 0.73046875 0.5046875 0.05625 0.0765625
1 0.76953125 0.5 0.02734375 0.0625
1 0.8015625 0.496875 0.04296875 0.05078125
1 0.82734375 0.50078125 0.0328125 0.0453125
1 0.85078125 0.4953125 0.021875 0.05078125
1 0.87109375 0.49140625 0.0296875 0.046875
1 0.96015625 0.49375 0.0140625 0.0453125
1 0.96953125 0.49921875 0.015625 0.0546875
1 0.9859375 0.5046875 0.0234375 0.06640625
1 0.99296875 0.515625 0.01171875 0.05859375