2 0.059375 0.5140625 0.11875 0.1171875
1 0.09296875 0.58125 0.1265625 0.1796875
1 0.28984375 0.59375 0.31640625 0.41796875
4 0.31640625 0.33203125 0.01953125 0.05859375
7 0.4140625 0.3265625 0.025 0.0546875
7 0.415625 0.3359375 0.0171875 0.0546875
1 0.46953125 0.5390625 0.0796875 0.12890625
1 0.47265625 0.5359375 0.053125 0.0859375
7 0.4921875 0.32890625 0.025 0.06875
7 0.49296875 0.328125 0.0171875 0.046875
1 0.51484375 0.53125 0.04296875 0.0765625
1 0.63125 0.54296875 0.046875 0.1171875
1 0.79765625 0.628125 0.375 0.3609375
7 0.67890625 0.4234375 0.01953125 0.0546875
1 0.9421875 0.51953125 0.0796875 0.0609375
7 0.9328125 0.2578125 0.05625 0.1578125
3 0.959375 0.5234375 0.02734375 0.06640625