3 0.94453125 0.54765625 0.021875 0.11328125
1 0.02265625 0.57734375 0.03515625 0.18359375
1 0.0890625 0.58125 0.12890625 0.178125
2 0.084375 0.48828125 0.1109375 0.0859375
1 0.284375 0.590625 0.3296875 0.421875
4 0.3171875 0.328125 0.0171875 0.053125
7 0.4140625 0.3265625 0.01953125 0.0484375
1 0.45703125 0.52734375 0.046875 0.0625
1 0.459375 0.5203125 0.0484375 0.078125
7 0.49140625 0.3265625 0.01953125 0.0546875
1 0.575 0.53515625 0.1390625 0.11328125
1 0.690625 0.5625 0.1484375 0.171875
7 0.67890625 0.4171875 0.0171875 0.046875
2 0.815625 0.48046875 0.1171875 0.11875
1 0.878125 0.48125 0.2328125 0.1640625
1 0.8890625 0.52421875 0.146875 0.08203125
7 0.92890625 0.25703125 0.05078125 0.1546875