1 0.08671875 0.50390625 0.1734375 0.1890625
4 0.07109375 0.08515625 0.109375 0.15625
1 0.1765625 0.4984375 0.1 0.0609375
1 0.3109375 0.51484375 0.08984375 0.08984375
1 0.41484375 0.4953125 0.0640625 0.06640625
1 0.4109375 0.4921875 0.0484375 0.0484375
1 0.46171875 0.496875 0.0296875 0.0328125
4 0.5703125 0.028125 0.02734375 0.05625
4 0.56640625 0.36015625 0.0140625 0.053125
4 0.65234375 0.35546875 0.015625 0.04296875
0 0.71796875 0.484375 0.01953125 0.053125
5 0.72578125 0.4125 0.015625 0.0453125
1 0.865625 0.4984375 0.16015625 0.18359375
4 0.80078125 0.07421875 0.02734375 0.0921875
1 0.96171875 0.4953125 0.06640625 0.140625