1 0.94453125 0.5375 0.1109375 0.15625
4 0.0578125 0.3984375 0.01953125 0.046875
0 0.125 0.496875 0.040625 0.05078125
0 0.125 0.5140625 0.025 0.07421875
1 0.34296875 0.51875 0.1109375 0.1171875
7 0.3796875 0.390625 0.01953125 0.0625
7 0.38125 0.37109375 0.015625 0.0484375
1 0.41015625 0.5078125 0.0296875 0.040625
1 0.409375 0.5109375 0.0234375 0.03515625
1 0.45234375 0.50625 0.0328125 0.03125
1 0.56328125 0.51484375 0.0390625 0.06640625
7 0.6546875 0.3875 0.0171875 0.0625
3 0.703125 0.50390625 0.0171875 0.071875