1 0.05 0.53203125 0.071875 0.1015625
1 0.0859375 0.57890625 0.13125 0.18125
1 0.284375 0.5921875 0.3296875 0.4234375
4 0.31875 0.32890625 0.0171875 0.053125
7 0.4140625 0.3265625 0.0171875 0.0453125
7 0.49140625 0.3265625 0.0171875 0.053125
1 0.509375 0.51953125 0.021875 0.0375
1 0.53828125 0.525 0.0328125 0.05078125
1 0.5625 0.51953125 0.025 0.03125
1 0.6890625 0.5625 0.15234375 0.171875
3 0.625 0.51640625 0.015625 0.040625
7 0.6796875 0.415625 0.015625 0.0453125
2 0.8390625 0.48046875 0.16015625 0.1265625
1 0.8890625 0.52421875 0.146875 0.08203125
7 0.93046875 0.25078125 0.0484375 0.14453125
3 0.94921875 0.5453125 0.0296875 0.12109375