2 0.1125 0.4765625 0.1953125 0.14453125
2 0.11015625 0.4703125 0.18359375 0.14453125
1 0.27421875 0.4984375 0.053125 0.05625
1 0.3640625 0.49921875 0.0953125 0.0875
5 0.4 0.315625 0.0171875 0.0375
1 0.4234375 0.49140625 0.03125 0.0375
1 0.48828125 0.4921875 0.0328125 0.0390625
5 0.5328125 0.3296875 0.021875 0.046875
5 0.534375 0.31640625 0.015625 0.05078125
1 0.559375 0.49296875 0.05859375 0.0546875
5 0.6296875 0.4125 0.015625 0.0296875
5 0.63203125 0.4015625 0.0171875 0.046875
1 0.8265625 0.584375 0.31875 0.321875
5 0.825 0.30859375 0.021875 0.07421875
5 0.8296875 0.334375 0.02734375 0.04296875
1 0.94609375 0.4875 0.0796875 0.12890625