1 0.00859375 0.6 0.015625 0.12109375
1 0.09765625 0.57734375 0.12890625 0.171875
2 0.0859375 0.48046875 0.09765625 0.08203125
1 0.28515625 0.5875 0.321875 0.41015625
4 0.31640625 0.32734375 0.01953125 0.0625
7 0.4140625 0.3265625 0.021875 0.053125
1 0.5015625 0.53125 0.12890625 0.1171875
1 0.50078125 0.5375 0.125 0.0765625
7 0.4921875 0.32734375 0.021875 0.0625
1 0.53828125 0.48515625 0.08984375 0.1265625
2 0.5328125 0.4953125 0.05625 0.11328125
1 0.79765625 0.63359375 0.3765625 0.3671875
1 0.634375 0.54296875 0.046875 0.1171875
7 0.67890625 0.41875 0.0171875 0.053125
7 0.9296875 0.25703125 0.05859375 0.1640625
1 0.9421875 0.51953125 0.0796875 0.0609375
3 0.95625 0.5203125 0.03125 0.06875