4 0.06015625 0.071875 0.1015625 0.14375
1 0.06328125 0.53203125 0.06875 0.10546875
1 0.1015625 0.50390625 0.0703125 0.06640625
1 0.1140625 0.50703125 0.0484375 0.04296875
1 0.45 0.50859375 0.021875 0.046875
1 0.4734375 0.5078125 0.03515625 0.0484375
1 0.540625 0.4859375 0.0296875 0.0375
7 0.5640625 0.3640625 0.0171875 0.0484375
4 0.57109375 0.0265625 0.0296875 0.053125
7 0.6515625 0.36015625 0.0140625 0.053125
7 0.728125 0.4125 0.01953125 0.0546875
7 0.80078125 0.08125 0.0296875 0.115625
1 0.81953125 0.48828125 0.0625 0.040625
1 0.8453125 0.4890625 0.05859375 0.0546875
1 0.8625 0.4890625 0.071875 0.0546875
1 0.92109375 0.4859375 0.103125 0.05625
1 0.91796875 0.48515625 0.084375 0.0640625
1 0.9796875 0.4828125 0.0375 0.0484375