1 0.8453125 0.48515625 0.0875 0.0453125
4 0.06171875 0.0703125 0.0921875 0.13671875
1 0.10078125 0.5140625 0.11875 0.11328125
2 0.253125 0.490625 0.1625 0.0859375
1 0.2515625 0.49140625 0.15234375 0.08203125
1 0.47578125 0.49921875 0.03515625 0.0484375
1 0.54609375 0.49140625 0.0296875 0.0453125
4 0.57109375 0.0265625 0.02734375 0.05078125
7 0.565625 0.3640625 0.015625 0.0484375
1 0.61796875 0.4828125 0.0609375 0.078125
7 0.653125 0.3578125 0.0171875 0.05078125
1 0.7234375 0.48828125 0.1265625 0.08984375
7 0.728125 0.41796875 0.0140625 0.0484375
7 0.80078125 0.075 0.0296875 0.0953125
1 0.92109375 0.4859375 0.103125 0.05625
1 0.93046875 0.48046875 0.0546875 0.05625
3 0.971875 0.5 0.01953125 0.11328125