1 0.265625 0.540625 0.0390625 0.0484375
1 0.32890625 0.52734375 0.0390625 0.0453125
1 0.42578125 0.53046875 0.03125 0.0625
1 0.4828125 0.553125 0.1109375 0.1390625
1 0.55859375 0.515625 0.040625 0.06875
2 0.55546875 0.51484375 0.03125 0.05078125
1 0.653125 0.5421875 0.0625 0.0703125
1 0.69921875 0.53203125 0.040625 0.06875
3 0.7140625 0.534375 0.01953125 0.08203125
1 0.71484375 0.53515625 0.021875 0.0765625
3 0.73125 0.528125 0.0140625 0.0703125
3 0.740625 0.5265625 0.021875 0.0625
3 0.7421875 0.52421875 0.01953125 0.078125