1 0.0765625 0.5578125 0.13671875 0.1390625
1 0.171875 0.5421875 0.1171875 0.1234375
1 0.2453125 0.5296875 0.07421875 0.0921875
1 0.340625 0.53046875 0.0609375 0.07421875
7 0.37578125 0.3921875 0.01953125 0.040625
1 0.42109375 0.5234375 0.06875 0.1
7 0.43671875 0.3875 0.021875 0.0453125
7 0.48828125 0.3875 0.0171875 0.040625
1 0.55546875 0.528125 0.0640625 0.08984375
1 0.64375 0.51484375 0.0859375 0.1078125
7 0.6109375 0.44609375 0.0171875 0.046875
7 0.64765625 0.40546875 0.01953125 0.0609375
1 0.7015625 0.5328125 0.09375 0.11875
1 0.784375 0.53125 0.1421875 0.1734375
1 0.9015625 0.56953125 0.19375 0.2015625