1 0.00703125 0.5125 0.0140625 0.0625
1 0.07890625 0.490625 0.08984375 0.084375
1 0.134375 0.48828125 0.0296875 0.0328125
1 0.16796875 0.490625 0.05859375 0.06640625
8 0.37890625 0.284375 0.0234375 0.08203125
8 0.38671875 0.275 0.0171875 0.0625
1 0.5125 0.5921875 0.2671875 0.32421875
5 0.5109375 0.2796875 0.021875 0.0625
5 0.6421875 0.3 0.025 0.07421875
1 0.734375 0.4703125 0.0546875 0.0390625
1 0.86328125 0.5578125 0.26171875 0.3890625
5 0.7515625 0.38359375 0.0234375 0.0703125
5 0.7515625 0.378125 0.0171875 0.05078125