1 0.0875 0.48515625 0.0546875 0.05078125
1 0.16015625 0.48046875 0.0375 0.0453125
1 0.32890625 0.4828125 0.05859375 0.06640625
1 0.4140625 0.48046875 0.0484375 0.06640625
6 0.39765625 0.3734375 0.0140625 0.0328125
5 0.44140625 0.3796875 0.01171875 0.0328125
1 0.45234375 0.4734375 0.02734375 0.040625
1 0.490625 0.4734375 0.0234375 0.03125
1 0.5390625 0.48828125 0.084375 0.1078125
5 0.55859375 0.4296875 0.015625 0.0328125
5 0.5875 0.4125 0.01171875 0.03515625
2 0.7875 0.42109375 0.134375 0.1109375