1 0.02265625 0.565625 0.0453125 0.2109375
1 0.08671875 0.57890625 0.13125 0.18125
2 0.0765625 0.5015625 0.109375 0.0875
1 0.284375 0.5921875 0.3296875 0.4234375
4 0.31875 0.32890625 0.0171875 0.053125
7 0.4140625 0.3265625 0.0171875 0.0453125
7 0.49140625 0.3265625 0.0171875 0.053125
1 0.4984375 0.5203125 0.025 0.0453125
1 0.54296875 0.525 0.040625 0.053125
1 0.5296875 0.51953125 0.0140625 0.03515625
1 0.69140625 0.56328125 0.15625 0.1734375
3 0.63125 0.51875 0.01953125 0.05625
3 0.63125 0.51484375 0.015625 0.040625
7 0.6796875 0.415625 0.015625 0.0453125
2 0.85625 0.48046875 0.19140625 0.134375
1 0.896875 0.52265625 0.146875 0.08203125
7 0.92890625 0.2515625 0.0484375 0.146875
3 0.953125 0.5421875 0.0296875 0.12109375