7 0.08203125 0.078125 0.1640625 0.15625
1 0.07421875 0.525 0.1484375 0.1640625
1 0.11328125 0.5171875 0.1 0.1390625
1 0.1953125 0.5015625 0.0765625 0.0859375
1 0.3140625 0.490625 0.08203125 0.06640625
1 0.35625 0.52265625 0.05859375 0.0625
1 0.46484375 0.49140625 0.0390625 0.0453125
4 0.56875 0.36015625 0.0234375 0.0625
1 0.5828125 0.48515625 0.0328125 0.053125
1 0.5828125 0.48359375 0.02734375 0.05625
1 0.60625 0.49375 0.0484375 0.0546875
1 0.60625 0.490625 0.040625 0.046875
1 0.63984375 0.48828125 0.0234375 0.0328125
1 0.6390625 0.4859375 0.0171875 0.05625
4 0.65234375 0.35546875 0.015625 0.040625
1 0.678125 0.5015625 0.0640625 0.09375
1 0.6796875 0.5 0.0546875 0.06640625
1 0.74296875 0.5171875 0.103125 0.12109375
5 0.72578125 0.41484375 0.0171875 0.05078125
9 0.80078125 0.07734375 0.05078125 0.1171875
4 0.8 0.075 0.02734375 0.09375
1 0.8546875 0.51171875 0.07421875 0.11328125
3 0.89453125 0.4828125 0.0234375 0.078125
3 0.98125 0.4921875 0.0296875 0.0953125
3 0.9828125 0.49375 0.025 0.13125