1 0.0390625 0.63359375 0.078125 0.30078125
1 0.159375 0.55390625 0.0640625 0.0546875
1 0.215625 0.55625 0.04296875 0.046875
1 0.2875 0.5546875 0.0484375 0.0859375
1 0.3734375 0.56640625 0.14453125 0.19375
4 0.3171875 0.34375 0.021875 0.05078125
4 0.415625 0.340625 0.0171875 0.0546875
1 0.4484375 0.546875 0.0375 0.1078125
4 0.49296875 0.3421875 0.0171875 0.046875
1 0.5421875 0.525 0.0625 0.0921875
1 0.62421875 0.55546875 0.0703125 0.12109375
1 0.775 0.6171875 0.3265625 0.3453125
4 0.68046875 0.43671875 0.021875 0.05625
1 0.928125 0.5328125 0.103125 0.0796875
4 0.940625 0.2609375 0.046875 0.1390625