4 0.1984375 0.34453125 0.01953125 0.053125
1 0.25390625 0.5171875 0.0234375 0.03125
1 0.29375 0.51171875 0.0296875 0.05625
1 0.32421875 0.521875 0.0484375 0.0625
1 0.32890625 0.525 0.05625 0.078125
1 0.31171875 0.5109375 0.01953125 0.0171875
4 0.32109375 0.40703125 0.009375 0.03515625
1 0.35859375 0.51484375 0.01953125 0.0453125
4 0.36640625 0.3703125 0.0171875 0.0390625
1 0.41875 0.5375 0.1078125 0.1234375
5 0.39375 0.42578125 0.0078125 0.021875
5 0.4203125 0.44140625 0.0140625 0.0328125
1 0.475 0.503125 0.0375 0.05625
1 0.475 0.51171875 0.0328125 0.046875
5 0.49296875 0.41796875 0.01953125 0.0375
1 0.5703125 0.525 0.06875 0.06875
1 0.56640625 0.525 0.0609375 0.0609375
1 0.59453125 0.51640625 0.021875 0.0390625
2 0.64453125 0.5015625 0.0765625 0.103125
2 0.64453125 0.5046875 0.07421875 0.0953125
5 0.675 0.4359375 0.0140625 0.03515625
1 0.8890625 0.55859375 0.1703125 0.1234375
1 0.89140625 0.5484375 0.16796875 0.12109375