2 0.94921875 0.4640625 0.1015625 0.1109375
1 0.0921875 0.48515625 0.0328125 0.025
1 0.0921875 0.5140625 0.02734375 0.02734375
1 0.2578125 0.51875 0.11875 0.09765625
1 0.4296875 0.496875 0.053125 0.0625
1 0.47578125 0.496875 0.0375 0.0375
1 0.4765625 0.496875 0.03515625 0.0453125
4 0.5703125 0.0296875 0.02734375 0.05625
4 0.565625 0.36015625 0.0140625 0.053125
7 0.65234375 0.35546875 0.015625 0.040625
7 0.72578125 0.40625 0.015625 0.04296875
7 0.7296875 0.4078125 0.0140625 0.02734375
7 0.8015625 0.07109375 0.025 0.08984375
3 0.86015625 0.478125 0.021875 0.078125
3 0.86328125 0.48359375 0.025 0.05625
0 0.965625 0.4921875 0.03125 0.1015625
3 0.97265625 0.49140625 0.0296875 0.1328125
3 0.99140625 0.48125 0.01171875 0.084375