0 0.93125 0.496875 0.040625 0.0796875
1 0.0953125 0.4578125 0.05078125 0.05625
1 0.1046875 0.459375 0.05078125 0.03515625
1 0.12890625 0.45703125 0.015625 0.0609375
1 0.15 0.45390625 0.02734375 0.03125
1 0.15546875 0.45390625 0.0296875 0.0296875
1 0.1890625 0.46015625 0.040625 0.05078125
1 0.19375 0.459375 0.04296875 0.03515625
1 0.24921875 0.45625 0.046875 0.0484375
1 0.2484375 0.46015625 0.04296875 0.0546875
1 0.2875 0.45390625 0.0296875 0.0390625
1 0.290625 0.45703125 0.025 0.0453125
7 0.43359375 0.340625 0.01953125 0.0484375
8 0.4390625 0.3390625 0.01953125 0.0453125
1 0.50703125 0.4796875 0.06640625 0.078125
7 0.50859375 0.3296875 0.025 0.0328125
7 0.509375 0.3359375 0.0140625 0.0390625
1 0.6125 0.4765625 0.0796875 0.09375
7 0.58515625 0.35 0.01953125 0.0390625
7 0.58984375 0.353125 0.015625 0.0328125
1 0.68671875 0.45625 0.0375 0.025
7 0.7296875 0.3578125 0.0171875 0.03125
7 0.728125 0.3671875 0.0140625 0.0546875