4 0.07109375 0.08515625 0.109375 0.15625
1 0.0828125 0.5171875 0.0546875 0.0453125
1 0.2203125 0.51171875 0.0859375 0.0859375
1 0.2234375 0.50625 0.06640625 0.06875
1 0.284375 0.5171875 0.12109375 0.09765625
1 0.2890625 0.51484375 0.1078125 0.07421875
1 0.3484375 0.4921875 0.046875 0.0625
1 0.39921875 0.496875 0.06640625 0.07421875
1 0.465625 0.496875 0.04296875 0.040625
4 0.5703125 0.028125 0.025 0.05625
4 0.565625 0.36015625 0.01171875 0.05078125
4 0.65234375 0.35546875 0.015625 0.0390625
5 0.72578125 0.4109375 0.015625 0.0453125
3 0.79375 0.484375 0.0140625 0.05078125
4 0.80078125 0.0734375 0.025 0.08984375
0 0.8875 0.49609375 0.0234375 0.09765625
3 0.89375 0.48125 0.021875 0.053125
3 0.9 0.4734375 0.0234375 0.0703125
3 0.93359375 0.4859375 0.01953125 0.08984375
3 0.93359375 0.48828125 0.01171875 0.084375