1 0.0921875 0.48515625 0.0328125 0.025
1 0.0953125 0.5140625 0.02734375 0.02734375
1 0.1765625 0.49609375 0.0875 0.06875
1 0.3171875 0.48359375 0.053125 0.05078125
1 0.309375 0.49140625 0.0390625 0.0625
1 0.3546875 0.515625 0.084375 0.071875
1 0.44921875 0.49921875 0.040625 0.040625
1 0.48828125 0.496875 0.02734375 0.0390625
4 0.5703125 0.028125 0.025 0.05625
4 0.565625 0.36015625 0.01171875 0.05078125
7 0.65234375 0.35546875 0.015625 0.0390625
7 0.72578125 0.40625 0.0140625 0.04296875
7 0.7296875 0.4078125 0.0140625 0.02734375
2 0.80078125 0.4671875 0.1390625 0.1078125
7 0.8015625 0.07109375 0.0234375 0.08984375
0 0.965625 0.4921875 0.0296875 0.1015625
3 0.9734375 0.48515625 0.0296875 0.1421875
3 0.99140625 0.48125 0.01171875 0.084375