3 0.94609375 0.5484375 0.021875 0.11875
1 0.0234375 0.575 0.03515625 0.18359375
1 0.0890625 0.58125 0.12890625 0.1796875
2 0.084375 0.4875 0.1109375 0.0859375
1 0.284375 0.58984375 0.3296875 0.4203125
4 0.3171875 0.328125 0.0171875 0.0546875
7 0.4140625 0.3265625 0.01953125 0.0484375
1 0.4609375 0.51953125 0.0484375 0.0703125
7 0.49140625 0.3265625 0.01953125 0.0546875
1 0.53203125 0.525 0.03515625 0.0453125
1 0.5328125 0.521875 0.025 0.04296875
3 0.6203125 0.51484375 0.015625 0.040625
1 0.690625 0.56328125 0.15 0.1703125
7 0.67890625 0.4171875 0.0171875 0.046875
1 0.78203125 0.525 0.1390625 0.11328125
2 0.809375 0.48046875 0.1078125 0.11875
1 0.8765625 0.48125 0.234375 0.1640625
1 0.8890625 0.52421875 0.146875 0.08203125
7 0.92890625 0.25703125 0.05078125 0.1546875