4 0.07109375 0.08515625 0.109375 0.15625
1 0.1515625 0.51640625 0.1421875 0.0953125
1 0.15703125 0.51953125 0.13125 0.0859375
1 0.1765625 0.4984375 0.1 0.0609375
1 0.3171875 0.5 0.0609375 0.0625
1 0.31875 0.5 0.0546875 0.0625
1 0.38203125 0.5125 0.0625 0.0640625
1 0.38359375 0.51484375 0.05859375 0.0796875
1 0.44140625 0.4890625 0.053125 0.05859375
1 0.478125 0.49375 0.0328125 0.0390625
4 0.5703125 0.028125 0.025 0.05625
4 0.565625 0.36015625 0.01171875 0.05078125
4 0.65234375 0.35546875 0.015625 0.0390625
5 0.72578125 0.41015625 0.015625 0.04296875
4 0.80078125 0.0734375 0.025 0.08984375
3 0.87421875 0.4734375 0.0234375 0.0703125
3 0.87578125 0.48125 0.021875 0.053125
0 0.9484375 0.50078125 0.0234375 0.09765625