1 0.2234375 0.53046875 0.053125 0.078125
1 0.2265625 0.525 0.05078125 0.0625
8 0.2875 0.446875 0.01953125 0.0453125
8 0.28828125 0.45234375 0.01953125 0.0546875
1 0.37109375 0.52421875 0.0453125 0.06875
1 0.4359375 0.5546875 0.1078125 0.13125
1 0.44375 0.44453125 0.09765625 0.115625
2 0.440625 0.4625 0.08203125 0.1234375
5 0.44375 0.32109375 0.02734375 0.06640625
5 0.44375 0.3234375 0.01953125 0.05078125
5 0.5609375 0.4296875 0.015625 0.05078125
3 0.58203125 0.521875 0.02734375 0.0609375
6 0.68125 0.2953125 0.0375 0.07421875
5 0.6859375 0.29765625 0.02734375 0.0875