0 0.66484375 0.49296875 0.01171875 0.0375
4 0.07109375 0.08515625 0.109375 0.15625
1 0.1734375 0.51953125 0.1546875 0.1265625
2 0.2984375 0.47734375 0.103125 0.08203125
1 0.353125 0.50625 0.0703125 0.078125
1 0.35625 0.50625 0.06875 0.06640625
1 0.4328125 0.49296875 0.046875 0.040625
1 0.45703125 0.4953125 0.0171875 0.0328125
1 0.4796875 0.49609375 0.03515625 0.0390625
1 0.48125 0.5 0.0234375 0.0328125
4 0.5703125 0.0296875 0.02734375 0.05625
4 0.56640625 0.36015625 0.015625 0.053125
4 0.65234375 0.35546875 0.015625 0.04296875
1 0.74296875 0.503125 0.0875 0.115625
5 0.72578125 0.41328125 0.015625 0.046875
1 0.7953125 0.4921875 0.0625 0.109375
4 0.80078125 0.07421875 0.02734375 0.0921875
1 0.87578125 0.5125 0.1703125 0.15234375
1 0.97578125 0.51640625 0.03515625 0.1546875