3 0.94609375 0.55 0.02734375 0.11328125
1 0.0078125 0.5984375 0.0140625 0.1328125
1 0.0859375 0.58125 0.13125 0.18125
2 0.084375 0.4921875 0.11328125 0.0953125
1 0.0640625 0.515625 0.0703125 0.0625
1 0.28515625 0.5921875 0.3296875 0.4234375
4 0.31875 0.32890625 0.0171875 0.05078125
7 0.41484375 0.32734375 0.01953125 0.046875
1 0.4484375 0.53125 0.0484375 0.06875
1 0.453125 0.52421875 0.05078125 0.0953125
7 0.4921875 0.32734375 0.0171875 0.053125
1 0.534375 0.5234375 0.0328125 0.05078125
1 0.5359375 0.525 0.03515625 0.0453125
1 0.6890625 0.5625 0.15 0.171875
3 0.6234375 0.51875 0.0140625 0.0390625
7 0.6796875 0.41796875 0.015625 0.0453125
2 0.8328125 0.48046875 0.1484375 0.1265625
1 0.8765625 0.48125 0.2328125 0.1640625
1 0.8890625 0.52421875 0.146875 0.08203125
7 0.9296875 0.2578125 0.0484375 0.15234375