1 0.415625 0.5359375 0.025 0.0375
1 0.1296875 0.55859375 0.103125 0.1
1 0.05390625 0.565625 0.05625 0.0609375
1 0.0609375 0.5640625 0.0546875 0.053125
1 0.26953125 0.54609375 0.0484375 0.0484375
1 0.2671875 0.55 0.0375 0.04296875
1 0.37578125 0.534375 0.0296875 0.03515625
1 0.4578125 0.53828125 0.0453125 0.0640625
1 0.51953125 0.5609375 0.0953125 0.125
1 0.58125 0.525 0.04296875 0.06875
2 0.578125 0.525 0.03515625 0.05625
1 0.6703125 0.5546875 0.0625 0.0703125
1 0.82890625 0.55390625 0.1171875 0.0640625
1 0.91796875 0.625 0.16015625 0.2640625