1 0.94140625 0.546875 0.1171875 0.203125
3 0.828125 0.50625 0.0625 0.0625
3 0.8234375 0.46484375 0.021875 0.071875
3 0.85 0.4625 0.01953125 0.08203125
3 0.79765625 0.4671875 0.021875 0.084375
1 0.0328125 0.56015625 0.065625 0.0953125
1 0.06875 0.540625 0.0453125 0.1
1 0.115625 0.5375 0.053125 0.0546875
1 0.14765625 0.53125 0.025 0.03125
1 0.184375 0.5203125 0.04296875 0.05859375
1 0.25859375 0.51875 0.03125 0.040625
1 0.384375 0.54765625 0.1734375 0.2578125
1 0.4671875 0.52265625 0.053125 0.0859375
1 0.52265625 0.5265625 0.1234375 0.09765625