8 0.20234375 0.3921875 0.0234375 0.06640625
8 0.2 0.38984375 0.015625 0.04296875
0 0.303125 0.46875 0.01953125 0.0640625
1 0.3453125 0.471875 0.05078125 0.05625
1 0.384375 0.478125 0.0375 0.046875
1 0.3875 0.478125 0.025 0.040625
1 0.42890625 0.47578125 0.0484375 0.0625
7 0.47578125 0.303125 0.0140625 0.03125
7 0.478125 0.3109375 0.015625 0.04296875
7 0.54296875 0.309375 0.015625 0.0484375
7 0.5453125 0.3078125 0.015625 0.04296875
7 0.6078125 0.31640625 0.015625 0.04296875
7 0.61015625 0.31953125 0.015625 0.0453125
1 0.675 0.49140625 0.1234375 0.0703125
7 0.734375 0.39453125 0.0171875 0.04296875
7 0.734375 0.3953125 0.015625 0.0453125
1 0.8828125 0.471875 0.05859375 0.06640625
1 0.8859375 0.4625 0.040625 0.040625
7 0.9125 0.3265625 0.02734375 0.08203125
7 0.91484375 0.32109375 0.021875 0.06640625
1 0.9859375 0.490625 0.02734375 0.0640625
1 0.9859375 0.48125 0.025 0.0640625