1 0.11015625 0.58203125 0.2203125 0.4046875
4 0.21953125 0.2234375 0.03515625 0.0859375
1 0.28203125 0.54765625 0.0171875 0.0234375
1 0.3 0.54375 0.01953125 0.021875
1 0.33125 0.5375 0.040625 0.0625
4 0.37578125 0.2234375 0.0328125 0.08984375
1 0.39453125 0.5375 0.0390625 0.0765625
1 0.39375 0.53828125 0.0328125 0.0625
1 0.4421875 0.54375 0.0921875 0.125
4 0.5015625 0.225 0.0296875 0.08984375
1 0.51953125 0.51953125 0.053125 0.084375
1 0.51953125 0.515625 0.0375 0.0546875
1 0.63125 0.55625 0.0875 0.103125
1 0.80390625 0.61875 0.328125 0.3125
5 0.803125 0.37578125 0.0328125 0.0921875
4 0.803125 0.378125 0.01953125 0.071875