3 0.98828125 0.575 0.021875 0.1953125
1 0.11640625 0.5546875 0.0625 0.04296875
1 0.1421875 0.546875 0.0609375 0.0703125
1 0.140625 0.5421875 0.053125 0.040625
1 0.20625 0.5453125 0.0546875 0.05078125
1 0.284375 0.54296875 0.06875 0.053125
5 0.29296875 0.33515625 0.0296875 0.1
5 0.3765625 0.44921875 0.025 0.0546875
5 0.378125 0.4515625 0.0171875 0.0453125
1 0.43359375 0.54375 0.05859375 0.053125
1 0.5125 0.59453125 0.18125 0.25
1 0.61640625 0.53984375 0.08203125 0.1078125
1 0.615625 0.5421875 0.06640625 0.08984375
5 0.60546875 0.4765625 0.015625 0.0328125
2 0.740625 0.48046875 0.18359375 0.32421875
1 0.9265625 0.56328125 0.025 0.08984375
3 0.95390625 0.54296875 0.025 0.140625