1 0.02265625 0.57109375 0.0453125 0.13125
1 0.02421875 0.5703125 0.03515625 0.18359375
2 0.084375 0.48359375 0.1109375 0.078125
1 0.0921875 0.58125 0.1265625 0.17578125
1 0.284375 0.58984375 0.328125 0.4203125
4 0.3171875 0.32734375 0.0171875 0.0546875
7 0.4140625 0.3265625 0.01953125 0.0484375
1 0.46796875 0.51640625 0.0484375 0.046875
1 0.47265625 0.51953125 0.0375 0.046875
7 0.49140625 0.32734375 0.01953125 0.05625
1 0.53203125 0.53515625 0.0625 0.078125
3 0.6109375 0.51875 0.015625 0.040625
1 0.69140625 0.5640625 0.146875 0.16796875
7 0.67890625 0.41796875 0.0171875 0.0484375
1 0.83984375 0.7140625 0.3109375 0.55859375
1 0.8765625 0.4515625 0.2328125 0.1015625
7 0.92890625 0.25703125 0.053125 0.15625