0 0.378125 0.48359375 0.009375 0.0375
1 0.165625 0.48125 0.078125 0.0546875
1 0.403125 0.48125 0.0328125 0.04296875
1 0.4328125 0.475 0.0171875 0.03125
1 0.4609375 0.48359375 0.03515625 0.0328125
7 0.4984375 0.3640625 0.0140625 0.03125
7 0.5 0.3609375 0.01171875 0.03125
7 0.540625 0.36640625 0.015625 0.0296875
7 0.54609375 0.3703125 0.0140625 0.0328125
7 0.58515625 0.37421875 0.0171875 0.0296875
7 0.590625 0.3765625 0.015625 0.0328125
7 0.67265625 0.4203125 0.015625 0.02734375
7 0.6734375 0.428125 0.0171875 0.04296875
7 0.72734375 0.4 0.015625 0.046875
7 0.72734375 0.390625 0.0140625 0.025
1 0.77421875 0.4875 0.0796875 0.0453125
1 0.88984375 0.48046875 0.0859375 0.06640625