3 0.784375 0.45234375 0.01953125 0.0921875
3 0.8890625 0.515625 0.0328125 0.1171875
3 0.83125 0.4984375 0.025 0.1546875
3 0.7734375 0.50625 0.0328125 0.140625
3 0.746875 0.5015625 0.025 0.14453125
3 0.721875 0.50390625 0.025 0.14453125
1 0.13359375 0.525 0.16015625 0.0921875
1 0.21484375 0.51171875 0.025 0.084375
1 0.2390625 0.50859375 0.0390625 0.0765625
1 0.27265625 0.496875 0.0234375 0.05625
1 0.3 0.49609375 0.021875 0.0546875
1 0.32109375 0.4953125 0.015625 0.0375
1 0.3515625 0.48828125 0.025 0.05078125
1 0.35546875 0.496875 0.025 0.0484375
1 0.39921875 0.5171875 0.0953125 0.12890625
1 0.4421875 0.49140625 0.025 0.0484375
3 0.47265625 0.49296875 0.009375 0.05625
1 0.48359375 0.5015625 0.0140625 0.05625
1 0.50703125 0.496875 0.0234375 0.084375
1 0.5234375 0.50859375 0.0484375 0.1
1 0.53125 0.5015625 0.0390625 0.07421875
3 0.69375 0.51171875 0.0234375 0.08984375
3 0.93828125 0.4984375 0.0375 0.15