1 0.96484375 0.60859375 0.0703125 0.196875
1 0.03125 0.56875 0.0625 0.16015625
1 0.10546875 0.54609375 0.15 0.134375
1 0.1953125 0.5328125 0.1 0.11328125
1 0.2765625 0.53125 0.0296875 0.04296875
1 0.31953125 0.5328125 0.0703125 0.084375
7 0.359375 0.3828125 0.01953125 0.04296875
1 0.41015625 0.528125 0.0875 0.11328125
7 0.42578125 0.38359375 0.021875 0.0453125
7 0.478125 0.37890625 0.0171875 0.04296875
1 0.55390625 0.52734375 0.0765625 0.0875
7 0.6078125 0.44140625 0.0171875 0.046875
1 0.65546875 0.51640625 0.1 0.140625
7 0.65234375 0.38984375 0.01953125 0.05859375
1 0.7359375 0.5390625 0.109375 0.1421875
1 0.87890625 0.54765625 0.2265625 0.240625