1 0.06953125 0.53046875 0.13671875 0.2359375
1 0.184375 0.525 0.10546875 0.140625
1 0.25625 0.5234375 0.05625 0.1109375
1 0.29296875 0.51171875 0.03125 0.07421875
1 0.3171875 0.503125 0.0328125 0.078125
1 0.44609375 0.5015625 0.084375 0.0609375
1 0.48515625 0.48515625 0.02734375 0.03125
1 0.56953125 0.48359375 0.046875 0.04296875
1 0.75390625 0.48125 0.0375 0.040625
1 0.784375 0.47578125 0.053125 0.0390625
1 0.784375 0.471875 0.0453125 0.0375
1 0.83125 0.47578125 0.053125 0.03515625
1 0.86640625 0.475 0.0453125 0.0390625