7 0.0828125 0.07890625 0.165625 0.1578125
1 0.0875 0.521875 0.0375 0.0546875
1 0.09375 0.49921875 0.04296875 0.03125
1 0.17109375 0.503125 0.103125 0.0640625
1 0.22265625 0.5140625 0.05859375 0.07421875
1 0.271875 0.5203125 0.1015625 0.0859375
1 0.34296875 0.51953125 0.071875 0.0765625
1 0.40703125 0.49375 0.0296875 0.03515625
1 0.434375 0.50078125 0.025 0.0484375
1 0.4734375 0.49609375 0.0328125 0.04296875
1 0.53515625 0.490625 0.0171875 0.040625
1 0.55390625 0.49140625 0.02734375 0.046875
4 0.56875 0.36015625 0.025 0.0625
7 0.80078125 0.07734375 0.05078125 0.1171875
1 0.8375 0.49140625 0.08203125 0.0609375
1 0.8890625 0.49140625 0.0859375 0.0546875
3 0.96171875 0.4984375 0.0234375 0.1