1 0.0359375 0.53984375 0.071875 0.1703125
2 0.0765625 0.5015625 0.109375 0.0875
1 0.0890625 0.578125 0.134375 0.1796875
1 0.284375 0.5921875 0.328125 0.4234375
4 0.31875 0.32890625 0.0171875 0.053125
7 0.4140625 0.325 0.0171875 0.04296875
1 0.4984375 0.51953125 0.0375 0.05859375
7 0.49140625 0.3265625 0.0171875 0.053125
1 0.52421875 0.521875 0.025 0.040625
1 0.6953125 0.565625 0.1640625 0.178125
3 0.63359375 0.521875 0.01953125 0.05625
3 0.634375 0.5140625 0.015625 0.040625
7 0.6796875 0.415625 0.015625 0.0453125
2 0.8921875 0.48359375 0.2125 0.146875
7 0.9296875 0.2546875 0.0484375 0.16015625
3 0.9578125 0.5421875 0.0296875 0.12109375