1 0.10234375 0.4796875 0.0640625 0.053125
1 0.0984375 0.48046875 0.05625 0.0640625
1 0.19921875 0.48046875 0.040625 0.0390625
1 0.20390625 0.48046875 0.046875 0.046875
1 0.28984375 0.48828125 0.084375 0.0796875
1 0.40234375 0.490625 0.0609375 0.07421875
1 0.4234375 0.46953125 0.02734375 0.046875
1 0.44921875 0.46953125 0.0375 0.05078125
1 0.496875 0.4890625 0.05859375 0.078125
5 0.54296875 0.434375 0.015625 0.0328125
5 0.56640625 0.4234375 0.01171875 0.03515625
2 0.91796875 0.42890625 0.16015625 0.08203125
2 0.921875 0.45234375 0.15234375 0.12890625