1 0.13125 0.5828125 0.26171875 0.2328125
1 0.24609375 0.5015625 0.1265625 0.1265625
1 0.3140625 0.50703125 0.12109375 0.06640625
1 0.3375 0.52265625 0.078125 0.1
1 0.3546875 0.48828125 0.07421875 0.0375
1 0.4515625 0.50390625 0.05859375 0.071875
1 0.4546875 0.496875 0.05625 0.0453125
1 0.50625 0.50390625 0.13671875 0.0625
1 0.7125 0.51484375 0.134375 0.1
1 0.77421875 0.48359375 0.0796875 0.078125
1 0.8703125 0.51484375 0.10546875 0.0953125
1 0.925 0.490625 0.03125 0.05078125
1 0.95 0.503125 0.05625 0.078125
1 0.9796875 0.4984375 0.0296875 0.0640625