1 0.05 0.54765625 0.1 0.2328125
1 0.15625 0.546875 0.11875 0.1640625
1 0.24140625 0.528125 0.071875 0.1171875
1 0.309375 0.51484375 0.06640625 0.1
1 0.44921875 0.50078125 0.1171875 0.0875
1 0.5171875 0.48046875 0.0390625 0.0453125
1 0.63359375 0.48515625 0.046875 0.0375
1 0.75625 0.484375 0.0328125 0.04296875
1 0.7875 0.484375 0.04296875 0.04296875
1 0.8265625 0.471875 0.04296875 0.04296875
1 0.89453125 0.46875 0.025 0.0546875
1 0.93046875 0.4765625 0.084375 0.05625
1 0.975 0.4625 0.0375 0.03125